
************************************************************************************************************************************
          DIA       ENERO *  FEBRE *  MARZO *  ABRIL *  MAYO  *  JUNIO *  JULIO *  AGOST *  SEPTI *  OCTUB *  NOVIE *  DICIE *
************************************************************************************************************************************

           01         2.0      1.4       .0     15.5      4.9       .0       .0      3.6       .2       .0      2.0       .0
           02          .0      1.1       .0       .0      2.7       .7      4.9      2.0       .0       .0      1.4       .0
           03          .0       .0       .0       .0      1.4      7.4       .0     13.0       .1       .0       .0       .0
           04         1.3      5.8       .0       .1       .0     11.1      2.6       .0      1.1       .0       .0       .0
           05          .0       .3       .3       .0       .0       .3      3.3       .2       .0      4.2       .0       .0
           06        23.0      1.6       .2      3.4       .0     10.1       .6       .0       .0      4.8      9.4       .0
           07         1.9      4.2       .0       .4      2.4      7.6      4.4     10.1       .7      6.9      2.6       .0
           08          .8       .0      4.5     14.1      4.6     12.4       .1       .1       .0       .0      1.5       .0
           09         1.0       .0       .0     15.7     11.2       .0       .8       .0      4.8       .1       .0       .0
           10          .1       .0       .0       .0       .0       .0      2.2      2.3      1.6       .0      5.0       .0
           11          .0       .0       .0       .0      6.9      4.2       .5       .1       .3       .2      4.6      1.4
           12        10.7       .0       .0      3.5      6.4       .0       .5       .1       .4       .0       .0       .3
           13         1.0       .0       .0       .0       .3      7.1      1.9       .0       .9       .0      6.5       .0
           14          .0      5.9       .0       .7      4.0      6.7       .0       .4       .1       .0       .0       .0
           15          .0     10.6       .0     11.6     23.7       .8      3.5       .4       .1       .0       .0       .0
           16          .0     10.9       .0       .6       .0       .1       .0       .0      2.6       .0       .0       .0
           17          .0      4.0       .0       .0       .0       .0       .1      7.1      1.8      1.8      3.8     16.5
           18         5.4       .0       .0       .0     13.9      2.9       .0      2.1      3.8      3.7       .0     15.5
           19         6.0       .0       .0       .0       .3       .0      2.8     10.8     19.7       .0      4.4       .2
           20          .0       .0      2.4       .0       .1       .0      2.1       .5      6.3       .0       .7       .0
           21         1.7      1.3       .0      8.5       .0       .0       .0      1.2      4.4      3.5       .0       .0
           22         1.6      1.2     16.2      2.2       .0      5.6       .3       .0      1.1      1.2      1.0       .0
           23          .0      2.3      6.7     36.7      3.4      1.6       .1       .0      6.4      4.0       .1       .3
           24          .4      1.8      6.0       .8       .0       .0       .0       .3     16.0      3.1      1.2       .0
           25          .0      1.0      7.5       .3      1.3       .0       .7     18.1       .6       .1       .0       .0
           26          .0      1.4      2.8       .9       .0      2.1       .1       .0      1.4       .0     11.0       .0
           27          .0       .0       .2      4.7     16.8      4.4      1.4       .0       .0     12.9     14.4       .0
           28          .0       .2      4.8       .4      1.4      4.1      1.0       .0       .5       .9     12.7       .0
           29        42.7       .2      7.7      7.1       .4      1.0       .0       .0       .0      2.8      1.8      6.0
           30          .0               1.9     12.9       .0       .3       .0      1.0       .0       .2      2.2       .0
           31          .0               4.5              11.9               1.6       .0                .0                .0

TOTAL                99.6     55.2     65.7    140.1    118.0     90.5     35.5     73.4     74.9     50.4     86.3     40.2
No DE DIAS LLUVIA      15       18       14       20       20       20       22       19       23       16       19        7
MAXIMA EN 24 Hrs     42.7     10.9     16.2     36.7     23.7     12.4      4.9     18.1     19.7     12.9     14.4     16.5