************************************************************************************************************************************
          DIA       ENERO *  FEBRE *  MARZO *  ABRIL *  MAYO  *  JUNIO *  JULIO *  AGOST *  SEPTI *  OCTUB *  NOVIE *  DICIE *
************************************************************************************************************************************

           01          .1      2.0       .0       .0     13.8       .0       .0       .0       .0       .0     17.6       .7
           02          .0      4.6      4.2       .5      7.1 1     .1     13.3       .0      1.3       .0       .0       .4
           03          .0       .0       .0       .2       .0       .0       .0       .0       .0     26.3       .0     20.8
           04          .0       .0       .0       .0     12.7      2.4      6.1       .0       .0       .0       .3       .5
           05          .0       .0      1.6       .0       .5       .0      1.9       .0      4.4      8.3      2.2       .0
           06        26.0       .6      1.1       .0      6.4       .6       .0       .0       .0       .0       .0       .0
           07          .2       .0       .2      8.4       .1       .4      1.2       .0       .0       .0       .0       .0
           08          .0       .0       .7      1.2       .7       .0       .6      4.1       .0       .0      2.2       .0
           09          .0       .0      4.8      3.5       .7       .0       .8      3.7       .0      1.5       .2       .0
           10          .0       .0       .0      2.6       .0       .1      1.6      1.3     11.2       .4      5.5      1.3
           11          .0       .6       .7       .0      3.5      2.7       .5       .0       .2      1.3      8.6       .0
           12          .1      2.5       .0       .0      1.6       .0       .0       .0      3.8       .0     14.8       .0
           13          .3       .0      3.5       .0      4.9      1.1      2.0       .5     10.2       .5       .0       .0
           14          .6       .0       .7      1.9      8.6       .5      1.8       .0       .0       .0     22.1       .0
           15          .0       .0       .0      2.1      3.3       .0      4.2      7.0       .0       .5     31.2       .0
           16          .0       .0       .0     16.7       .1       .0       .0      1.7       .2       .0       .7       .0
           17         4.2       .0      5.8     16.4       .1       .3       .0       .9       .0      1.6       .0       .0
           18          .9       .0       .0     11.3      1.0       .6       .0      1.6       .5      7.6       .6       .0
           19          .0       .0       .0      7.7       .4       .2      1.5      1.7       .0       .0       .0       .0
           20          .0       .0      7.9      7.2      4.7      3.5       .2       .0       .0       .0       .9       .0
           21          .0       .0       .0      3.4      9.7       .0       .0       .5       .0       .4      1.5       .0
           22          .0       .0     14.8      3.0       .4       .0       .0       .0      3.0       .0       .0       .0
           23          .0       .3      2.6       .2       .0       .3      2.3       .0       .0       .6       .1       .0
           24          .0       .3      7.2      2.7     11.3      2.4      4.4       .0       .0       .0      7.2       .0
           25          .0       .3       .0       .0      7.9       .4      2.0      1.1     12.0       .0       .8       .0
           26          .0      2.2      1.9      3.7       .3       .1       .0       .6       .0      1.7     14.5       .0
           27          .6       .4      7.8       .6       .3       .0       .0      4.5      9.0       .0       .0       .0
           28         1.2       .0      6.4       .0      1.8      3.8       .0       .0      7.6       .0     15.0       .0
           29          .0               1.0     14.4      1.6       .2      5.8       .0       .0       .0       .0      1.8
           30          .0               5.7      6.5       .0       .0      6.5       .0       .4       .0       .9       .0
           31          .5                .0               2.8               3.9       .0              16.8                .0

TOTAL                34.7     13.8     78.6    114.2    106.3     19.7     60.6     29.2     63.8     67.5    146.9     25.5
No DE DIAS LLUVIA      11       10       19       21       27       18       19       13       13       13       20        6
MAXIMA EN 24 Hrs     26.0      4.6     14.8     16.7     13.8      3.8     13.3      7.0     12.0     26.3     31.2     20.8