************************************************************************************************************************************
          DIA       ENERO *  FEBRE *  MARZO *  ABRIL *  MAYO  *  JUNIO *  JULIO *  AGOST *  SEPTI *  OCTUB *  NOVIE *  DICIE *
************************************************************************************************************************************

           01          .0       .4       .0       .5      8.3       .2      8.2       .0       .0       .0      4.5       .2
           02          .7       .0       .0       .0     17.0       .1       .0       .0       .0       .0       .0       .0
           03          .0       .0       .0       .0       .0      2.9       .0       .7       .0      4.8      2.0       .0
           04          .0      2.0       .0       .0       .0       .2       .6       .0       .0      2.7       .5       .0
           05          .0       .0       .0       .0      1.6       .0     18.2       .3       .2       .0       .0       .0
           06          .0       .0       .0       .0      5.8       .0       .7       .0       .0       .0      4.2       .0
           07          .0       .0       .0       .0       .0       .0       .9       .5       .6       .0      1.1       .0
           08          .2       .5       .1     24.6      1.5      2.3       .0      1.5       .4       .0       .8      2.0
           09         2.2      5.2      1.0       .0      2.3       .5       .0      3.6      1.8       .0       .0     10.1
           10          .0       .2       .1      9.9      6.0      2.5       .5      3.2       .9       .0       .0       .2
           11         2.4       .0       .2       .0       .0      3.6       .8       .4       .6     11.5       .0       .0
           12          .0       .0       .0       .2       .0      6.7      1.1       .0       .5     12.0       .0       .0
           13         2.9       .6       .7      5.3       .1      1.5       .0       .0       .0      6.4       .0       .0
           14          .0       .0       .0     20.9      5.8      8.2      1.8       .1       .0      1.7      4.1       .0
           15        20.5       .0       .0       .2       .0      9.2      1.2       .0      4.1       .0     14.2       .0
           16         9.8       .0       .0      2.5      7.4       .3      1.2       .0      1.1       .0      7.7       .0
           17        19.1       .6      1.4     18.7      5.8       .0       .3      3.9       .0      3.8      3.1       .0
           18          .0      1.7      2.5       .1       .2     12.7       .0      9.4       .0       .0       .0      5.8
           19          .6       .0      7.3      5.4     11.8       .0       .0       .3       .6       .0     17.9      6.1
           20          .0       .0     10.0      5.3      6.7      2.6       .2      1.1       .0       .0      4.9       .0
           21          .0      8.5      6.7      1.7     16.5       .0       .0      7.5       .0       .0      4.5      3.9
           22          .4       .0      2.0       .0      9.5       .8       .0       .8       .0     13.0      7.0       .0
           23          .0       .0       .0     12.3      1.7       .9       .0       .0       .0       .1     23.6       .0
           24          .0       .0       .0       .9      2.3       .0       .0       .0      6.1       .1       .0       .2
           25          .1       .0      4.2      4.5       .0       .7      1.0      1.7       .0       .0       .0       .0
           26          .0       .0       .0     10.0       .0       .4       .0      2.2       .3       .0       .0       .0
           27          .0       .0       .2     12.7      7.0       .0       .0       .0       .2       .7       .0       .0
           28         8.0       .4     13.6     18.8       .0       .0       .0       .0       .0       .2       .0       .0
           29         5.2      1.8      6.9      4.9       .8       .8       .0       .0       .0      4.8       .6       .0
           30          .0                .0       .0       .0      1.0       .0      1.5       .0      5.2       .4       .0
           31          .0                .3                .0                .0       .9               4.6                .0

TOTAL                72.1     21.9     57.2    159.4    118.1     58.1     36.7     39.6     17.4     71.6    101.1     28.5
No DE DIAS LLUVIA      13       11       16       20       20       21       14       18       13       15       17        8
MAXIMA EN 24 Hrs     20.5      8.5     13.6     24.6     17.0     12.7     18.2      9.4      6.1     13.0     23.6     10.1