************************************************************************************************************************************
          DIA       ENERO *  FEBRE *  MARZO *  ABRIL *  MAYO  *  JUNIO *  JULIO *  AGOST *  SEPTI *  OCTUB *  NOVIE *  DICIE *
************************************************************************************************************************************

           01          .0       .0      1.0       .0      1.7       .0       .0     13.3      1.2      4.4       .9      7.4
           02          .0       .0       .4       .0      2.6      7.9       .0       .0       .7       .0       .2      3.7
           03          .0       .0      6.5       .0       .5       .0       .0       .2       .0      2.5     11.9       .3
           04          .0       .0      1.3     10.6      8.4       .5       .0       .0     31.7      4.5       .2       .5
           05          .0       .0       .0       .8       .2       .5      1.2      1.9      5.6     16.3       .8     17.8
           06          .0       .0       .0       .0       .0      5.5       .0      5.8      1.2      4.6       .5      5.5
           07          .0       .2       .8       .0      1.6       .8       .0       .0      3.2       .5      1.2       .6
           08          .0       .0      7.0       .0       .0       .0       .0       .0       .4       .1       .1      5.3
           09          .0       .0     12.7      2.8       .0       .3      2.4       .2      1.0       .2     11.5     21.7
           10          .0       .2      5.9       .9       .0     11.1       .3       .0      4.1       .2      7.0      1.0
           11          .0       .0       .0      9.8       .0      1.8       .0       .3       .0      2.4      1.2      5.5
           12         1.2       .0      1.2       .0      3.0       .0       .5       .0     13.1       .0      2.3       .2
           13          .4       .1       .2       .0       .0       .5       .7       .0       .9       .0      6.5     10.0
           14          .0      1.1       .7       .3      1.1      2.2     10.0       .0      5.0       .0     14.3      2.5
           15          .0       .0       .0       .0     17.9      1.7       .0       .0      9.2      3.4      1.9       .2
           16          .0       .0       .0       .0      2.0       .0      8.0      3.4     16.3     27.1       .7       .9
           17          .0       .0      5.3       .0     14.8      3.0       .0       .5     10.0     11.1     17.8      2.2
           18          .0       .0       .0       .0     13.5      6.3       .0       .0      1.8       .2     11.3      1.6
           19          .0       .0       .0       .0      1.8       .2       .0      3.8       .1       .3       .6     12.0
           20          .0       .0       .0       .6       .4       .0       .8       .4      2.0       .0       .2       .0
           21          .0       .0       .0       .0      1.7       .0       .3       .0     11.3      4.1       .2      9.5
           22          .0      2.2       .0       .0       .0       .0      1.0       .0      2.3      3.6       .4      8.1
           23         1.0       .0       .0      1.0       .6       .0      6.2       .6       .0       .0       .3       .2
           24          .0       .0       .0       .0      1.9       .0      2.7      3.0      1.5       .2       .8       .1
           25          .0       .0      1.2     11.3       .0     12.2      5.8      1.3       .0       .7       .2       .2
           26          .0       .0       .0       .1       .0       .3      1.1       .2      5.9     14.6       .1       .3
           27          .0       .0       .2       .8       .0      2.7      4.1      7.1      1.8       .2      2.1       .0
           28          .0       .0       .0       .3       .5       .2       .0      1.7       .0       .0       .3       .0
           29          .0               5.7       .0       .0      1.8      6.2      1.7       .0     12.4      6.4       .0
           30          .3                .0       .0       .0       .0      2.9      7.5       .0      1.7      3.9       .0
           31          .0                .0                .8                .9      4.5                .1                .0

TOTAL                 2.9      3.8     50.1     39.3     75.0     59.5     55.1     57.4    130.3    115.4    105.8    117.3
No DE DIAS LLUVIA       4        5       15       12       19       19       18       19       23       24       30       25
MAXIMA EN 24 Hrs      1.2      2.2     12.7     11.3     17.9     12.2     10.0     13.3     31.7     27.1     17.8     21.7