************************************************************************************************************************************
          DIA       ENERO *  FEBRE *  MARZO *  ABRIL *  MAYO  *  JUNIO *  JULIO *  AGOST *  SEPTI *  OCTUB *  NOVIE *  DICIE *
************************************************************************************************************************************

           01         2.7       .0       .0       .9     24.2       .0       .0       .0      5.1      1.0       .0     15.2
           02        10.0      1.5      5.7      8.1       .0       .0       .3       .0      1.6     18.2       .0       .3
           03          .2      6.5       .6       .4      7.0       .0      1.6       .4       .6     15.2       .0      1.5
           04         1.4     27.1       .0      9.1       .9       .0       .0      1.4       .0      5.6      5.4       .0
           05          .0      8.1      1.7       .0      3.2       .4       .0      1.8       .0       .9       .6       .0
           06          .0       .5       .5      6.5       .3       .4       .0       .2       .0       .0       .1      2.0
           07          .0      8.5      4.4       .7       .0       .0      2.1       .1     10.5       .0      4.7       .1
           08          .0      2.1       .0       .0       .0       .0       .0     12.0       .0      1.7     28.4      2.0
           09          .0       .0      4.0     16.8       .0       .0       .0       .0       .0       .4       .6       .0
           10          .0      1.9       .0      2.0      2.8       .2       .2       .0       .0       .0     13.4       .0
           11          .0      6.2      1.4       .0       .0      1.7       .7       .0      4.3       .0     19.0       .2
           12         7.0     10.1      1.5       .9       .0       .0      1.3       .0      2.2       .2      9.8       .0
           13         2.3      8.9       .0       .0       .0     10.3       .1      8.8      5.9       .1      5.3       .0
           14        19.9      1.9       .1       .0       .2       .1       .2       .0       .2       .9       .0       .0
           15          .5      1.8       .3       .0      1.1     28.3       .0       .0       .0       .0       .0       .0
           16        13.3       .0      2.9       .0       .4      1.1       .0       .0     17.1      4.6      7.9       .0
           17          .0      5.9       .0       .0       .0       .5       .2       .0     10.2       .0      2.8      2.7
           18          .8       .0       .0       .0       .0       .9      2.6       .0      5.8       .0       .0       .0
           19          .0       .0       .0       .0       .0       .3      2.2       .0     16.0       .0       .0       .0
           20          .2       .0       .0       .0      3.0       .3       .0       .0       .0       .0       .0       .0
           21          .0       .0       .0       .2       .3      1.8       .1       .4       .0      1.0     29.9       .0
           22          .0       .0       .2       .8      1.8       .3      2.1       .0       .2       .0      1.0       .0
           23          .0       .0       .0      1.1       .0       .5       .4       .0      2.2       .0      6.7       .0
           24          .0      9.0       .0       .1       .2      6.0       .2       .0      2.0       .5       .0       .0
           25         5.1       .0       .0      5.4       .0      2.1       .6       .1      4.7     13.2      2.5       .0
           26          .0       .0       .0       .1       .0      8.4       .0       .0      1.0     11.5      7.3       .0
           27          .0       .0      3.5      6.2      5.0       .4       .2      2.2       .0       .4      4.3       .0
           28          .0       .0      1.7      9.5      6.8       .0       .1      5.7       .0      5.4       .0       .0
           29          .0                .0       .0       .0       .0       .6       .2       .0      2.6       .7       .0
           30        15.3                .0     15.0       .9      1.5       .0     12.9      2.2       .5       .2       .0
           31          .9                .0               3.2                .0       .6              16.4                .0

TOTAL                79.6    100.0     28.5     83.8     61.3     65.5     15.8     46.8     91.8    100.3    150.6     24.0
No DE DIAS LLUVIA      14       15       14       18       17       20       19       14       18       20       20        8
MAXIMA EN 24 Hrs     19.9     27.1      5.7     16.8     24.2     28.3      2.6     12.9     17.1     18.2     29.9     15.2

