************************************************************************************************************************************
          DIA       ENERO *  FEBRE *  MARZO *  ABRIL *  MAYO  *  JUNIO *  JULIO *  AGOST *  SEPTI *  OCTUB *  NOVIE *  DICIE *
************************************************************************************************************************************

           01          .3       .0      2.9       .0       .0       .9       .5       .0      2.5       .0      4.0      1.1
           02          .7      5.2     19.8      9.0     14.4       .0     17.0       .5       .0       .8      2.2      8.5
           03          .1      1.6     11.2      4.2      7.6       .8      3.4       .3      5.6      1.7       .2      4.1
           04          .0       .8     17.6       .0     29.1      1.5       .0      5.8      4.5       .1       .0      4.3
           05          .0       .2      2.3       .0      1.7      1.2       .2      2.5       .5       .1       .7       .0
           06          .0       .0       .1      4.9      8.2      5.2      5.4       .8       .3      2.9     12.0      4.4
           07          .2       .2       .0       .0     10.0     24.6      1.3       .2      2.0       .0      1.4      2.3
           08          .0       .5     15.8       .0      1.7       .0       .2       .0       .0       .0      1.8      2.5
           09          .0       .0       .0       .0       .0       .0       .5       .0      4.1       .0       .0      1.2
           10          .0       .0       .0       .1       .0       .0       .0       .0       .0      2.4      2.5       .0
           11          .0       .0       .0       .3       .0       .0      2.6       .4       .9      5.6      4.4      5.8
           12          .0       .0       .0       .0       .0       .0      4.9      3.8       .2       .0     13.4       .0
           13          .0       .0      3.4       .2       .8       .0      5.8       .0      3.9     13.1       .3       .0
           14          .5       .0       .0       .0       .0       .0      5.8      3.1       .3       .0       .0       .4
           15          .0       .1       .0       .0       .3      1.3      5.6       .0       .4     32.8       .0       .0
           16          .0       .0       .1       .0       .0       .0       .4       .0      1.2     18.2       .0      6.9
           17          .0      1.8       .0       .0      4.8       .2       .0       .0      7.8       .0       .5     17.7
           18          .0       .0     18.6       .6       .0       .0      1.3       .0       .3      2.7       .0      2.8
           19          .0       .0       .3       .0       .0       .0       .0      1.6      5.1      1.2       .0       .1
           20          .0       .2      2.3       .0       .0      1.3      1.2       .5      7.3      7.3       .0       .7
           21          .1      4.4     15.0       .0       .5       .2       .0       .0       .0       .9       .1       .3
           22          .0       .3       .0      1.3       .0       .5       .0       .0      5.9      1.1       .0       .5
           23          .0       .0      2.6      2.6      2.0       .4       .0       .0       .0       .0     12.0       .0
           24          .0     11.4      2.2       .0      9.8       .2       .0       .0       .0      7.0      3.1       .0
           25          .0       .7       .0       .0      1.5     14.1       .4      1.7       .0     11.1      1.3      6.9
           26          .0       .0       .0     26.4      8.1       .4      2.3      4.9      1.4     20.1       .0      3.9
           27          .2      2.4       .0       .7       .4       .2       .3      4.7       .9       .5     10.1      1.2
           28          .2      2.4       .0      1.4      2.0       .2       .3       .0       .0       .0       .1      1.8
           29          .0                .0      1.6       .0       .0       .6     13.1       .0     14.1       .0       .5
           30         2.2              13.4      4.6      1.7      3.2       .0      1.0       .0      2.1       .6       .0
           31         1.0               2.4                .7                .3      7.3              15.0                .0

TOTAL                 5.5     32.2    130.0     57.9    105.3     56.4     60.3     52.2     55.1    160.8     70.7     77.9
No DE DIAS LLUVIA      10       15       17       14       19       18       22       17       20       22       19       22
MAXIMA EN 24 Hrs      2.2     11.4     19.8     26.4     29.1     24.6     17.0     13.1      7.8     32.8     13.4     17.7

