************************************************************************************************************************************
          DIA       ENERO *  FEBRE *  MARZO *  ABRIL *  MAYO  *  JUNIO *  JULIO *  AGOST *  SEPTI *  OCTUB *  NOVIE *  DICIE *
************************************************************************************************************************************

           01          .0       .0       .2       .0       .4       .0       .7       .0       .0       .0      6.7       .0
           02          .0       .0      2.6       .0      7.7       .3       .2       .0       .0     11.7      5.9      8.3
           03          .0       .0      1.3       .0       .3      6.2       .0       .0       .0      4.6     19.1      4.4
           04         2.1       .0     25.0       .0      4.6       .0      1.0       .0       .0     15.0      4.0       .2
           05          .0       .0       .8       .0      1.4       .3      2.1       .0       .0      1.2      3.7      1.0
           06          .3       .0      3.2       .0       .0       .1      1.4       .0      6.1     35.9      3.7       .0
           07          .0       .0      1.9       .0      1.5      3.9       .0       .0       .0      5.3       .0       .0
           08          .0       .0       .0       .0      2.5       .0       .8       .0       .0       .3       .0      1.3
           09         4.4       .0       .0      1.4       .0      1.3       .9       .0       .0       .0      4.7       .0
           10          .0       .9     21.7     18.7       .5       .6      1.5       .0       .0       .0       .3       .0
           11          .0     23.3      8.7      9.0       .0     10.1       .4       .2       .0       .0       .0       .0
           12          .0     12.5      1.1       .0      3.4      1.8       .7       .0       .4       .0      1.5       .0
           13          .0      9.3       .0      4.2       .6      4.0       .5       .0       .0       .2      6.9       .0
           14          .1       .0     28.1       .0       .0     12.0       .0      1.2       .0      9.5     10.5       .0
           15          .0       .0       .0       .1      3.3       .0      1.5       .0       .0       .0      4.2       .0
           16          .0       .0       .0     18.3     29.1       .0       .0       .0       .0       .0       .0      3.7
           17          .0       .0       .0      7.0     12.7       .0       .0      1.2       .2       .0      9.5      1.0
           18          .0       .0      3.8     17.1       .3       .0      1.8     21.7       .0       .0       .0       .0
           19          .0      1.7      5.9      3.5      1.8      1.3       .0      1.6       .0       .7       .0       .0
           20          .0      5.9       .7     20.0      3.8       .3       .0      1.2       .0       .9       .9      8.1
           21         1.0       .0       .0       .0       .0       .5       .0       .0       .2       .0       .0     21.5
           22         3.7       .0       .0       .0       .0       .0      1.0       .0       .4     11.7       .0       .0
           23          .0       .7       .0       .3       .0      2.1       .0      7.5       .0      2.9       .0       .0
           24          .0      5.6       .0      2.3      8.8       .0      1.8       .0      3.7      8.8       .0       .0
           25          .1       .0       .0       .5       .0       .0       .4       .1     14.0      2.6       .0       .0
           26        16.6       .0       .6       .5     20.5       .2       .0       .0       .5      1.3       .0       .0
           27          .0       .0      3.5      5.5       .9      1.0       .0       .0     17.1      3.5       .0       .0
           28          .2       .0      7.8      1.4       .0     10.9       .0       .0      4.3       .0       .0       .0
           29          .0       .0       .8     10.6       .3      2.0       .0       .0       .0       .0       .0       .0
           30         2.7                .4      1.7       .0       .0       .0       .0       .4     19.7       .0       .0
           31          .0                .2                .0                .7       .0               4.2                .0

TOTAL                31.2     59.9    118.3    122.1    104.4     58.9     17.4     34.7     47.3    140.0     81.6     49.5
No DE DIAS LLUVIA      10        8       20       18       20       19       17        8       11       19       14        9
MAXIMA EN 24 Hrs     16.6     23.3     28.1     20.0     29.1     12.0      2.1     21.7     17.1     35.9     19.1     21.5
