************************************************************************************************************************************
          DIA       ENERO *  FEBRE *  MARZO *  ABRIL *  MAYO  *  JUNIO *  JULIO *  AGOST *  SEPTI *  OCTUB *  NOVIE *  DICIE *
************************************************************************************************************************************

           01          .0       .4       .0       .0       .0       .0      4.0       .0      1.8     13.3       .0       .0
           02          .0       .0       .0       .0       .0       .4       .0       .2       .0       .0       .0       .7
           03          .0       .0       .0     10.2       .0       .0       .9      1.0      1.4      4.0       .8      5.5
           04          .0       .0       .0     10.0      1.8       .0      4.6      3.3       .0     23.6      7.6       .0
           05          .0       .0       .0       .0      1.2       .0       .0       .0       .0       .2       .0       .0
           06          .0      3.2       .0      7.7       .0       .0      2.1       .3       .0       .2     13.1       .0
           07          .0       .0       .0       .0       .0      1.9      7.0     12.2       .5     10.0     12.0       .0
           08          .0       .0       .0       .0      1.1       .2       .1       .0      1.0      1.6       .1       .0
           09          .0       .0       .2       .0       .1       .9      2.5       .0      1.2      4.9     10.9       .0
           10          .0       .0       .0       .0       .0       .3       .0       .5       .0      4.5     10.9       .0
           11          .0      2.5       .0      2.2      1.3       .3       .1       .1       .1      9.3       .0       .0
           12          .0      6.1      2.5       .0       .0      5.5       .2       .4       .0       .0       .0       .4
           13          .0       .0       .0       .1       .0      1.5       .5      7.5       .0       .2     14.2       .0
           14          .0       .0       .4       .3      3.8       .1       .0      1.4       .0       .0       .0       .4
           15          .0      1.2      1.7       .0       .0       .0      8.9      3.5      1.2       .6       .0       .0
           16          .0       .1      1.1       .1      5.7       .1       .0      1.5       .0       .0       .2       .0
           17          .0       .0      4.4       .3       .0       .0       .0       .0       .0       .2       .9       .0
           18          .0       .0      6.5       .0       .0       .1       .4       .0     14.7      1.8       .0       .0
           19         8.9       .0       .4       .0       .0       .0       .0      3.1       .4       .0       .7       .0
           20          .0       .0       .0       .0       .2      1.2       .3       .2       .6       .7       .0       .0
           21          .0       .3       .1       .0       .0      1.5       .0      9.1       .0       .0       .0       .0
           22          .0       .0     25.8      2.1       .0       .0       .0       .0       .7       .0     10.8       .0
           23          .0       .0       .3      1.7      3.9       .0       .0       .0      2.0     19.8       .0       .0
           24          .0      2.9       .0       .0       .0       .2     11.9       .0       .0       .0       .0       .0
           25          .0       .0       .0      4.6      5.6       .0       .5       .1     27.1       .0       .0       .0
           26          .0      3.7       .0       .7      1.5       .0      1.0      1.2      8.1       .0       .0       .0
           27          .0       .0       .0     17.4      1.4       .0      6.6      2.0     11.5      6.3       .1     11.1
           28          .0       .0     15.2      1.9      5.5       .4       .0       .0     26.9     13.9       .0      4.9
           29          .0               5.2     19.6       .7      1.2       .0      4.4     16.5       .4       .0      3.9
           30          .0               8.4      7.5       .3       .1       .0       .5       .0      4.8       .0       .0
           31          .2                .0                .0                .4       .4                .1                .0

TOTAL                 9.1     20.4     72.2     86.4     34.1     15.9     52.0     52.9    115.7    120.4     82.3     26.9
No DE DIAS LLUVIA       2        9       14       16       15       17       18       21       17       21       13        7
MAXIMA EN 24 Hrs      8.9      6.1     25.8     19.6      5.7      5.5     11.9     12.2     27.1     23.6     14.2     11.1
