************************************************************************************************************************************
          DIA       ENERO *  FEBRE *  MARZO *  ABRIL *  MAYO  *  JUNIO *  JULIO *  AGOST *  SEPTI *  OCTUB *  NOVIE *  DICIE *
************************************************************************************************************************************

           01          .0       .3      2.7      2.7       .9      5.6     14.3       .0       .5       .0       .0       .0
           02          .0       .0       .2      2.3      3.0      3.1      2.6       .0       .5       .0       .0      1.4
           03          .0       .0       .0      1.1      5.9      6.0       .7      1.4       .0       .3       .0      2.1
           04          .0       .0       .0      8.7      7.2       .4       .0       .1       .0       .0      2.2      6.7
           05          .0       .0       .0     18.8      8.4       .3       .5       .1       .0       .0       .0     10.0
           06          .0      1.1       .0       .0       .1       .0       .6      1.9       .4       .3       .0       .0
           07          .0      1.4      3.0       .0       .0       .9       .2      1.5      1.8      7.3       .0       .3
           08         5.1     18.3      8.9       .0       .6      2.8       .0      2.3       .9       .5       .0       .4
           09          .0       .0       .0     15.3      2.4      2.1      1.7       .2      1.6       .0      4.7       .0
           10          .0       .0       .0       .1       .1       .0       .0       .4       .8       .0     17.0       .0
           11          .0       .0       .0      3.1       .2       .2       .0       .0      7.0       .0      7.9       .0
           12          .0       .0       .0       .6       .1      2.7      2.6       .0       .1      4.1       .2       .4
           13          .0       .0       .0       .0       .0       .0     15.9       .1      2.1      1.0      2.4       .0
           14          .0       .0       .0      1.0       .0      4.4      3.2       .0      3.0      8.7      5.8      8.0
           15          .0       .0       .0     16.4       .0      2.4       .0       .0       .0       .9       .7       .9
           16          .0       .0       .0     10.1       .5     11.6       .0       .0       .0     17.2       .7       .0
           17          .0       .0       .1       .3      4.0       .0      2.1       .0       .0      1.5       .0       .0
           18          .0       .0       .0      4.2      1.4       .0       .7       .0       .0     15.2       .0       .0
           19          .0       .0       .0      1.0       .1       .2       .1      1.3       .3      8.7       .0       .0
           20          .0       .0       .1      3.4       .0       .3      1.5       .2       .0     13.7       .0       .0
           21          .0       .0       .0     12.6       .0       .8       .0       .0       .0       .0       .8       .0
           22          .0       .0      1.8      1.6       .0       .6       .0       .2       .0      2.5       .9       .0
           23          .0       .5       .0       .0      1.2      9.7       .0       .1       .0       .8       .0       .0
           24          .0       .0       .7       .1      1.1      3.7       .0       .0       .4      6.7      3.9       .0
           25          .0       .0      2.9       .3      7.0      3.0       .8       .0     19.9       .4       .0       .0
           26          .0      3.4       .2     14.2      1.6      1.3       .6       .0     20.4     13.1       .2       .0
           27          .0       .0      2.9      2.2     12.1       .5      2.3       .3      2.5       .0       .0       .0
           28          .5       .0     14.2       .6      7.7       .2       .0       .0       .7       .0       .0       .0
           29          .0               7.8       .0      4.7       .0       .0      1.0      3.5       .0       .0       .0
           30          .0              10.2       .7       .2      8.4      2.5      1.8       .0       .0       .0       .0
           31          .0                .0               3.0                .0       .0                .0                .0

TOTAL                 5.6     25.0     55.7    121.4     73.5     71.2     52.9     12.9     66.4 3  102.9     47.4     30.2
No DE DIAS LLUVIA       2        6       14       24       24       24       18       16       18       18       13        9
MAXIMA EN 24 Hrs      5.1     18.3     14.2     18.8     12.1     11.6     15.9      2.3     20.4 3   17.2     17.0     10.0