************************************************************************************************************************************
          DIA       ENERO *  FEBRE *  MARZO *  ABRIL *  MAYO  *  JUNIO *  JULIO *  AGOST *  SEPTI *  OCTUB *  NOVIE *  DICIE *
************************************************************************************************************************************

           01          .0       .0     12.5       .0      2.8       .9       .0      1.0     15.0       .0       .0       .0
           02          .0       .0      7.7       .0      5.2      4.3      1.7      2.7       .1      2.7       .5       .0
           03          .0       .0       .0       .0      7.5      1.4       .4       .0       .7       .0       .8       .0
           04          .4       .0      3.4      3.7       .1      5.2       .2       .0      2.4       .4       .3       .0
           05          .0       .1       .1      1.4       .2      4.7       .6       .7       .0       .0      8.9       .0
           06          .0       .0       .4       .0       .0      5.3       .0       .1       .0       .0     11.8       .5
           07          .0       .0      1.4      1.5       .0      6.8       .0       .0       .0       .0     11.0       .0
           08          .0       .0      3.5       .9       .0      9.6       .0       .0     10.9       .4     10.7       .0
           09          .1       .1       .0       .0       .0      4.1       .0       .0       .8       .0       .3      2.5
           10          .0      9.0       .0       .0       .0      4.6       .0       .0       .4       .0       .8       .0
           11          .1      3.8       .0       .0       .0      4.0       .0       .0       .0       .4       .3       .0
           12          .0       .0       .0       .4       .2       .5       .0       .1       .5     20.2       .3       .0
           13          .0      4.6       .0       .0       .0     10.4      3.4       .8      6.1       .0      4.7       .0
           14         1.2      1.4      2.6      3.0       .0       .3     39.3       .0      6.2       .0     14.8      3.1
           15          .0       .0       .0       .1      5.5      1.9      6.9       .2      3.2       .1      9.4       .5
           16          .0     20.2       .0       .0       .3      2.7       .3       .8       .1      4.9      5.6      9.8
           17          .0      5.3       .0      4.8      8.2       .6       .0      2.6     10.4      3.6       .0       .0
           18          .0       .0      1.8     21.2     26.1       .0      4.1       .0     15.2      2.9      5.2       .8
           19          .0       .0       .0     18.9       .0       .1       .0       .0       .0      5.6      6.8       .4
           20          .0       .1       .0     13.4      1.1      1.4       .6       .1       .0      3.6     12.1       .7
           21          .0       .0       .0      3.7      3.7       .6       .3       .9      5.9     10.2       .0       .1
           22          .0       .0      5.6     10.5     14.0       .2      6.4      3.3      7.7     23.7       .1      3.5
           23          .0       .0      1.5      1.5      5.7      3.1       .0      1.7       .0      2.7      9.2       .3
           24          .1       .0     13.1       .0       .0      3.0       .1     35.2       .0       .0     14.1       .0
           25          .0       .1       .6      6.9       .0       .1       .0       .1       .4     11.2     10.1      3.2
           26          .8       .1       .4     17.3      1.6       .0       .0      5.5       .0      2.3       .3       .0
           27         9.6       .0       .0     14.1       .5       .1       .0     34.4       .0       .6       .0       .0
           28        15.2       .0       .4     13.3       .0       .3       .0       .1       .0     26.8       .0       .0
           29          .0                .0       .2       .0       .0       .2     12.5       .3     11.1       .0       .0
           30          .0                .0       .5       .9      1.3       .0      2.6       .0       .0      3.6       .0
           31          .0                .0                .9                .3      8.1                .0                .0

TOTAL                27.5     44.8     55.0    137.3     84.5     77.5     64.8    113.5     86.3    133.4    141.7     25.4
No DE DIAS LLUVIA       8       11       15       20       18       27       15       21       18       19       24       12
MAXIMA EN 24 Hrs     15.2     20.2     13.1     21.2     26.1     10.4     39.3     35.2     15.2     26.8     14.8      9.8