************************************************************************************************************************************
          DIA       ENERO *  FEBRE *  MARZO *  ABRIL *  MAYO  *  JUNIO *  JULIO *  AGOST *  SEPTI *  OCTUB *  NOVIE *  DICIE *
************************************************************************************************************************************

           01          .0      5.3       .0       .0      6.8     12.2      4.3      2.6      1.9       .2       .0      1.8
           02          .0       .0       .0      1.1       .1       .9       .0       .0      7.0       .0     10.6      1.7
           03          .0     16.8     15.6       .0       .6     14.8       .0      7.2       .0     10.1      7.9      3.0
           04          .0      1.8       .0       .4       .0      4.5       .0      2.5      1.2       .8       .4       .0
           05          .0       .0       .1       .0      2.3       .7       .0       .0      1.3      5.6     15.2       .0
           06          .1       .0      1.8       .4      4.8       .0      1.1       .0       .0      6.4      2.0       .0
           07          .0       .8       .0       .2      1.5       .0       .0       .2       .0     20.1       .1       .0
           08          .0       .4       .0       .0      9.1       .1       .0      1.5       .1      5.0       .3      1.4
           09          .1       .0       .0       .3       .5     13.7       .0       .0       .4      3.6       .0       .0
           10          .0       .0       .3       .0       .3      5.9       .0       .0       .2       .1       .0       .0
           11        22.8       .0       .0       .0       .0      1.4       .2       .0      9.1       .0       .1       .0
           12          .2       .1       .0       .2      2.6      4.5       .0       .0       .0       .0       .7     23.6
           13          .1       .0       .0       .0       .0      4.0       .0       .0       .0       .0       .3      8.5
           14          .0       .0       .0       .2       .0       .0       .0       .0      3.8       .0       .2     12.9
           15          .2       .0       .0       .0      3.9       .0       .0       .7       .3       .1       .2       .9
           16          .0       .0       .0       .0       .0      4.9       .0       .0       .2      2.1      1.5       .0
           17          .0       .5      2.4       .1      4.0      4.5       .0      3.7       .7      5.6       .0      8.0
           18          .0       .5      2.7      1.2      1.0       .0       .0       .5      7.6      1.9       .0      1.4
           19         1.7     15.8       .0      1.3       .0       .0       .0      1.6      5.3       .0       .2       .0
           20          .1      3.7       .0      1.7       .0       .5       .7       .0       .0       .0       .0     23.9
           21          .0       .0       .0       .0       .0       .9      1.9       .2      1.6       .0       .0       .1
           22          .6     15.0       .0       .0       .7       .0       .3      3.3       .0       .0       .0      4.6
           23          .0       .0      3.5      1.3       .0       .0       .0       .2       .0       .2       .0       .5
           24          .0       .0       .0      6.3       .0       .0       .0       .0       .0       .1       .5       .4
           25          .0       .0       .0     20.0       .0       .2      1.9       .0       .0       .0      9.3       .9
           26          .0       .5       .0       .0       .6      1.2       .0     10.2       .0       .1       .0       .0
           27          .0       .0       .0       .7       .0       .0       .0      2.2      1.9       .1       .0       .3
           28          .0       .0       .6     10.6       .0      1.9       .0      2.8       .0       .0       .0      5.2
           29         1.6      2.2       .2       .0       .0       .1       .0       .5      1.5       .0       .0       .0
           30          .0               1.7       .0       .0       .0       .2       .0      5.2       .0      1.2      1.5
           31          .7                .0                .7                .0       .4                .0               1.6

TOTAL                28.2     63.4     28.9     46.0     39.5     76.9     10.6     40.3     49.3     62.1     50.7 3  102.2
No DE DIAS LLUVIA      11       13       10       16       16       19        8       17       18       17       17       20
MAXIMA EN 24 Hrs     22.8     16.8     15.6     20.0      9.1 1   14.8      4.3     10.2      9.1     20.1     15.2 3   23.9