************************************************************************************************************************************
          DIA       ENERO *  FEBRE *  MARZO *  ABRIL *  MAYO  *  JUNIO *  JULIO *  AGOST *  SEPTI *  OCTUB *  NOVIE *  DICIE *
************************************************************************************************************************************

           01         1.0       .0       .1       .0       .0      1.5       .0       .0      3.7      2.5      3.0       .2
           02          .0      1.0       .0       .0      9.6       .0       .0      2.8       .1       .0       .0       .0
           03          .0       .0       .1       .5      3.7       .3       .2       .0       .0       .0      3.0       .1
           04          .0       .3       .0       .0     20.3       .0       .0       .1      5.7      4.5     10.7       .0
           05          .0       .0       .3     12.1     22.6       .0      1.9       .0       .5       .0      1.0      2.5
           06          .0       .0      1.7       .0      2.5      4.0      1.3       .0      9.7      5.9       .0      2.6
           07          .0       .0      6.4       .0     32.5       .1       .0      1.1      2.4     30.9      6.5       .1
           08          .5       .0      3.2     19.1      9.0       .5       .1      3.0       .0       .0      9.8       .0
           09          .0       .0       .3       .0      7.3       .0       .5       .0       .0      6.0       .0       .0
           10          .0       .0       .0       .3     16.7      1.8      1.9       .0      3.1       .0       .0       .0
           11          .0      6.4       .0      3.3      4.2      3.3       .3       .0       .2       .9      2.5       .1
           12          .0       .5       .0       .5      3.2      1.3       .0       .0      2.3      4.0     29.7       .0
           13          .0       .5       .0     46.4       .6      1.5      5.7      4.5      4.1      8.5      5.8       .1
           14          .0       .0       .1     27.9     16.7       .2      1.5       .0      3.6     12.3      4.5       .0
           15          .0       .0       .2       .0      1.0     13.0      2.1       .1      1.8      1.6       .6       .0
           16          .0       .5       .1      8.0      4.0      6.2      3.0       .5       .0      1.3       .2       .2
           17          .0       .0       .0     16.2       .0       .7      4.5       .0       .0       .1      1.7       .0
           18          .0       .0       .0      6.8       .0      7.5       .2       .0      1.3       .0       .3       .0
           19          .0       .0       .0      4.0       .0      4.8       .5       .0       .6       .1     14.8       .0
           20          .0       .6       .0      6.0       .0       .0       .0       .0       .2       .0       .6       .0
           21          .0       .0       .4      3.2       .0       .0       .0      6.5       .0     11.5       .6      3.7
           22          .0       .2       .0      2.3     10.3      2.6       .0       .0       .0       .9      2.8      4.7
           23          .1      4.1       .2      7.0       .0       .0       .0       .1       .8      7.3       .4       .0
           24          .0     12.1       .6       .6      4.6       .0       .0      2.7       .4      1.8      1.1       .0
           25          .0      1.1       .0      1.7      2.6       .0       .0      6.0       .6      1.1       .0       .0
           26          .0       .0       .0       .5     13.4      2.3       .0       .0       .0      6.9       .0       .5
           27          .0       .0       .0       .6       .0      8.3       .0       .1       .0       .0       .2       .0
           28          .0       .0       .0      3.5      1.7       .0       .0       .0       .0       .0       .0       .0
           29          .4                .0      2.5     12.4      1.9       .0      1.7       .0       .8     10.8       .0
           30          .0                .0      1.6      3.2     16.3       .0       .0     10.0       .0      1.2     10.2
           31          .5                .0                .0                .0      5.2               4.5                .5

TOTAL                 2.5     27.3     13.7    174.6    202.1     78.1     23.7     34.4     51.1    113.4    111.8     25.5
No DE DIAS LLUVIA       5       11       13       23       22       20       14       14       19       21       23       13
MAXIMA EN 24 Hrs      1.0     12.1      6.4     46.4     32.5     16.3      5.7      6.5     10.0     30.9     29.7     10.2