************************************************************************************************************************************
          DIA       ENERO *  FEBRE *  MARZO *  ABRIL *  MAYO  *  JUNIO *  JULIO *  AGOST *  SEPTI *  OCTUB *  NOVIE *  DICIE *
************************************************************************************************************************************

           01        19.4       .7      1.0       .3      8.5       .1       .2       .5       .0       .0       .0       .0
           02        18.5      5.8       .7      3.6       .1       .0      2.3       .5       .0      3.5       .6       .0
           03         3.1       .4       .0      3.7       .2       .0       .0       .0       .0       .0       .2       .0
           04         3.9       .8       .0     42.0      7.6       .0       .9       .0       .0      5.2       .0       .0
           05         1.2      1.5      8.0     10.4      2.8       .0       .3       .3       .2       .2      7.9       .0
           06          .0      4.1      1.0     11.2       .0       .6      2.0      1.7       .0      2.0      1.6       .0
           07          .0       .0       .0       .0       .1       .0       .0       .5       .0       .9       .0       .4
           08          .0       .1       .0     12.1      2.0       .0       .0       .0       .0      2.7       .0       .0
           09          .0       .0       .0      5.0       .6      1.1       .0       .0       .0      5.1       .0       .0
           10          .0       .0       .0       .0      2.5       .0       .0       .0      1.5      2.0     11.0       .0
           11         5.8       .8      6.7     11.2     12.7      1.8       .7      6.4       .0       .0      2.4       .0
           12          .0      4.8       .0       .0       .0      1.5       .7       .0       .0      7.4      6.2       .9
           13          .0      6.4       .1      3.6       .0       .0       .0       .0      4.1       .1       .0       .0
           14          .0      3.5      2.4       .0       .0       .9       .0       .0       .0       .0       .0       .0
           15          .8       .5      1.7       .0       .0       .0       .0       .7       .0       .0       .0       .0
           16          .0      2.7      6.3      7.2       .0       .1       .0       .0       .0       .0       .0      2.0
           17          .0       .0      2.3     25.1       .0       .0       .8       .0       .0       .0       .0     11.0
           18          .0       .3       .0     34.8      4.9       .2       .3       .1       .0      3.0      3.3      3.3
           19          .0       .0       .0      5.2      1.0      7.2       .3      2.9       .0     22.1       .3       .2
           20          .0      1.0     13.3      2.5     11.8       .3       .2       .1       .0      2.1       .3      1.0
           21          .0       .0       .0       .8      1.8       .0       .0       .0       .0     33.6     10.8       .4
           22          .0       .0       .1      1.5      6.6       .5       .0       .2       .1      7.4       .2       .0
           23          .0      4.3     25.5      3.9      2.8       .0       .0       .0       .1      4.2       .9     10.0
           24          .0       .0      1.4       .0      7.4       .0       .0      1.0       .5      5.5       .0      4.5
           25          .0       .0      3.6      3.5       .0       .0       .0       .9       .7       .0       .0       .0
           26          .0       .5       .0      6.8      2.4       .2       .0       .0       .0       .0      8.2       .0
           27        16.0      1.8      9.5      1.2      1.9       .7      2.0      4.0      4.1       .1       .6      8.2
           28         5.7      3.3      1.0     12.7      1.5       .1      1.3       .0      2.5      1.8      1.4      1.8
           29          .0                .0       .0      1.3       .0       .0       .0       .0      3.0      7.5       .4
           30         3.9               1.6      9.8       .0       .6       .8       .4       .4       .8       .2       .5
           31          .2                .0                .6                .0      1.2                .0                .0

TOTAL                78.5     43.3     86.2    218.1     81.1     15.9     12.8     21.4     14.2    112.7     63.6     44.6
No DE DIAS LLUVIA      11       19       18       23       22       15       14       16       10       21       18       14
MAXIMA EN 24 Hrs     19.4      6.4     25.5     42.0     12.7      7.2      2.3      6.4      4.1     33.6     11.0     11.0