************************************************************************************************************************************
          DIA       ENERO *  FEBRE *  MARZO *  ABRIL *  MAYO  *  JUNIO *  JULIO *  AGOST *  SEPTI *  OCTUB *  NOVIE *  DICIE *
************************************************************************************************************************************

           01          .0       .0       .0       .0      2.2      7.6       .5       .0       .6       .8       .5       .5
           02          .5       .0     21.8       .0       .2      2.2       .0       .0      2.4       .6       .0       .0
           03         1.1       .0       .0       .0       .0     11.5       .0     11.3       .0      3.9       .0      9.2
           04         2.5       .0      4.6       .0       .5      1.9     15.1      2.5       .1       .7       .0       .0
           05          .0       .5      2.1     18.8      2.4      1.5       .0       .7      7.1       .0       .0      3.1
           06          .0       .0       .0      6.8      6.1      2.9       .1      6.9      2.7       .0       .0       .1
           07          .0       .2       .5      2.4      4.4      4.4       .0       .0       .0       .2       .0       .3
           08          .0     12.2     14.8      3.7       .0      2.4      9.8       .0      1.1       .1       .0     20.1
           09          .0       .2     10.2      9.6       .0       .2      5.8       .0      1.1      1.8       .0     14.2
           10          .8       .9       .0     34.9      1.1      4.5       .0       .0       .0       .0       .4       .9
           11          .0       .0       .3     10.3       .0       .0      1.9       .0       .0       .0      1.7       .2
           12          .2       .0       .0       .1       .0       .0       .0       .3       .0       .0       .3      7.5
           13          .9       .0      8.0      9.6       .0       .0       .0       .0       .2       .7       .0     15.0
           14          .0       .0       .0      2.0       .5       .0       .1       .0       .2       .0     24.0       .0
           15          .0       .0       .0      6.6      1.2       .0       .5       .4       .0      7.8       .0      3.7
           16          .0       .0       .2      1.0      7.6       .0       .0       .0       .0      1.9      3.5       .0
           17          .0       .0      2.0       .9     11.8      1.8       .4       .0       .0       .0      5.5       .0
           18          .0       .4       .1     12.8      1.1       .0       .0      1.0       .2       .4       .0      4.3
           19          .0       .0       .0       .0      8.8       .0      3.4       .0       .0     12.8       .0      6.5
           20          .0       .0       .0       .8       .5      1.1       .0       .0      3.2     11.7       .0       .0
           21          .0       .0       .0     29.4     27.0       .0       .0       .0      5.8       .7       .0       .0
           22          .0       .3      1.0       .0      4.2       .0      5.6       .1      1.6       .2       .0       .0
           23          .0       .0       .2     12.1      4.0      1.6       .0       .5       .0       .2       .0       .0
           24          .0       .0       .0      3.1       .0       .0       .0       .0       .7       .0       .1       .0
           25          .0      1.8      3.7      8.7       .1       .0       .0       .1       .0      1.5       .0       .0
           26          .0       .0     34.0     18.8     32.5       .0       .0       .0       .0      1.3       .0       .4
           27          .0       .0       .2      4.0      1.0      2.7       .0      3.1       .0       .0       .0       .0
           28          .0      1.9     12.4       .4       .1      1.5       .3      8.0       .0     18.9       .0       .0
           29          .0               8.3     10.5       .6      2.5       .0       .0      2.3      3.3      1.4       .0
           30          .0                .0       .0       .0       .0      2.2       .0       .0      7.0      5.6     43.4
           31          .0                .0               2.5                .0       .0                .5               3.2

TOTAL                 6.0     18.4    124.4    207.3    120.4     50.3     45.7     34.9     29.3     77.0     43.0    132.6
No DE DIAS LLUVIA       6        9       18       23       23       16       13       12       15       22       10       17
MAXIMA EN 24 Hrs      2.5     12.2     34.0     34.9     32.5     11.5     15.1     11.3      7.1     18.9     24.0     43.4