************************************************************************************************************************************
          DIA       ENERO *  FEBRE *  MARZO *  ABRIL *  MAYO  *  JUNIO *  JULIO *  AGOST *  SEPTI *  OCTUB *  NOVIE *  DICIE *
************************************************************************************************************************************

           01          .0       .0       .0       .3       .1      6.8       .0       .0      1.2      2.6       .2       .0
           02          .0       .0       .0       .0       .0       .4       .2       .0       .4       .0       .0       .0
           03          .0       .0       .0      3.0      1.6       .0       .0       .0      3.2       .7       .0       .0
           04          .0       .0       .0      1.0      1.1       .3       .1      3.8       .0      2.1       .0       .0
           05          .7       .0       .1       .7      1.4       .0      1.5      4.1       .0       .6     18.4       .4
           06         2.0       .0       .0       .0      1.5     12.1       .1     18.9       .0       .0      1.7      2.4
           07          .0       .0       .0       .1       .0       .0       .8      9.5      1.4       .3      2.1     23.0
           08          .0       .1       .0       .0      2.4       .1       .0       .0       .0     22.4       .0      1.9
           09          .0       .1       .0       .0      8.7       .0       .0      1.5      1.0      1.6       .0       .0
           10          .0       .0      4.1      5.5     23.3       .0       .7       .0      1.0      3.4       .0      2.8
           11          .0       .0      1.7       .0      5.7       .0       .1       .0      6.0       .1       .0       .0
           12          .0       .0      3.1       .0     13.5      3.3       .0       .0     35.5       .0       .0       .0
           13          .0       .0       .0       .0       .0       .0       .0       .0     19.5       .0     21.1       .0
           14          .0       .0       .0       .0     13.7       .0       .9      5.8      2.6       .0      1.5       .0
           15          .0      2.6       .1       .0       .0       .0       .0       .0       .0       .0      2.3       .0
           16          .0       .0       .0       .0      2.5       .1      2.7       .2       .0       .0       .0       .0
           17          .0       .0      1.8       .0      2.1       .0       .1      3.7       .1       .0       .0       .0
           18          .0       .0       .0       .0     17.3       .4       .3      1.0      4.3     14.5       .0       .0
           19          .0       .0       .0       .0       .0       .0      2.2      6.7       .0       .0       .5       .0
           20          .1       .0       .0      2.3       .0       .3       .0       .5       .0       .8     15.9      1.5
           21          .0       .0       .0       .6       .0       .0       .0      2.7       .0       .0       .0      2.7
           22          .0      2.3       .0      3.7       .0       .0      3.7       .0       .0       .0       .0       .0
           23          .0       .0       .0      3.0      8.4       .0     21.4       .0     12.4      5.2      5.9       .0
           24          .0       .0       .0       .8       .0       .1      8.9      4.5      4.8      4.6       .4       .0
           25          .0       .0       .0      2.6       .0       .5       .4      3.7      9.4      1.7       .0       .0
           26          .0       .0       .6       .4       .0       .0       .0     22.7     14.7       .0       .0       .0
           27          .0       .0       .0       .6      3.8       .0       .0      5.3      5.2       .2       .0       .0
           28          .0       .0       .0      2.0      4.2       .7       .0       .2     14.8     10.4      3.8       .0
           29          .0                .0       .0       .0       .2       .0       .2      8.2      3.0       .0       .0
           30          .0                .5      4.8       .9       .0       .0       .9     12.2      5.6       .0       .0
           31          .0              16.3               6.2                .5       .0                .0                .0

TOTAL                 2.8      5.1     28.3     31.4    118.4     25.3     44.6     95.9    157.9     79.8     73.8     34.7
No DE DIAS LLUVIA       3        4        9       16       19       13       17       19       20       18       12        7
MAXIMA EN 24 Hrs      2.0      2.6     16.3      5.5     23.3     12.1     21.4     22.7     35.5     22.4     21.1     23.0