************************************************************************************************************************************
          DIA       ENERO *  FEBRE *  MARZO *  ABRIL *  MAYO  *  JUNIO *  JULIO *  AGOST *  SEPTI *  OCTUB *  NOVIE *  DICIE *
************************************************************************************************************************************

           01          0         .0      5.4       .9      1.9     13.8       .0       .0       .0     12.3       .0       .0
           02           0        .0       .2       .0      1.3       .3      1.9       .0       .1     15.0      7.2       .0
           03           0        .2       .1       .0      4.1      6.3       .0      5.0      3.4      1.3      1.9       .0
           04           0        .0       .9      4.7      3.5      3.4      2.4       .0       .4      5.2     19.9       .0
           05           0        .0      2.6      2.5      2.5     12.8      3.9       .1       .0       .0     18.0       .5
           06           0        .0       .0      8.3      2.5       .5       .1       .0       .0       .0      1.6       .4
           07           0        .0      3.4     11.6       .0      9.8       .0       .2       .0     10.8       .4       .7
           08           0        .0       .2     13.4       .3      2.1       .0       .0       .0       .0       .0       .0
           09           0      2.3      1.4       .0       .0       .6      2.1       .0       .3     13.2     21.0       .0
           10           0       .0       .0       .0       .0      3.0       .0       .0      1.0     37.8      1.1       .0
           11           0       .0       .0       .0       .0      1.6       .0       .0       .5       .0       .0       .0
           12           0      3.1     14.0      1.8      6.5       .3       .0      1.6       .3       .3       .1       .0
           13           0        .0     13.4       .0       .0       .0       .0       .0       .0       .0       .0       .0
           14           0        .0      9.9       .4      1.6     12.8       .1       .0       .0      3.5       .0       .0
           15           0       9.2       .0       .0       .6      4.4      5.6       .3       .0      4.7       .0       .0
           16           0        .6       .3       .0       .0       .0      1.7       .6       .0      4.7       .0      2.0
           17           0      37.9      3.9       .3       .0       .0      6.7       .7       .0       .0       .0       .0
           18           0        .0       .0       .3       .0       .0       .0       .0       .0     10.8      3.8       .0
           19           0        .0       .0      1.6      7.2      1.4       .0       .0       .0      8.4      2.1       .2
           20           0        .0       .0     33.6       .0       .0       .0     10.2      2.0      4.9       .0       .0
           21           0        .0       .0      1.1       .3       .0       .3     18.6       .2     13.0       .2       .0
           22           0        .0       .2       .1      1.2       .4      5.4       .0      6.6       .0      5.9       .0
           23           0       6.3       .0       .0       .0      3.7       .0       .2      5.2       .0     12.3       .2
           24           0      17.9       .0       .0      6.4      1.5       .3       .0     26.7      2.9       .2       .0
           25           0        .7       .0      9.8      4.8      2.3      1.1       .0       .4      1.1       .1       .0
           26           0        .9       .0       .0      7.5      1.1       .8       .6       .1     11.3     15.1       .0
           27           0      14.5       .0      2.8      2.9      1.9       .0       .0      7.6      4.3     11.4       .0
           28           0      18.6      4.8      3.3      7.8      3.0       .0       .0      2.1     11.0       .0       .0
           29           0                 .3       .0       .0      5.5       .0       .0       .0      5.0       .0       .0
           30           0                 .2       .0       .0      3.1       .6       .2       .0     26.3       .0       .0
           31           0                 .0              11.1               3.2       .0               9.7                .0

TOTAL                        112.2     61.2     96.5     74.0 3   95.6     36.2     38.3     56.9    217.5    122.3      4.0
No DE DIAS LLUVIA               12       17       17       19 3     24       16       12       16       23       18        6
MAXIMA EN 24 Hrs              37.9     14.0     33.6     11.1 3   13.8      6.7     18.6     26.7     37.8     21.0      2.0