************************************************************************************************************************************
          DIA       ENERO *  FEBRE *  MARZO *  ABRIL *  MAYO  *  JUNIO *  JULIO *  AGOST *  SEPTI *  OCTUB *  NOVIE *  DICIE *
************************************************************************************************************************************

           01          .0       .0       .0       .0      4.0      1.1       .0      3.0      1.4      3.6      2.0      7.5
           02          .0       .0       .0       .0      1.3      3.3     11.3       .0      1.2     11.6       .2       .8
           03          .0       .5       .0     16.5      3.8       .0      1.3       .7       .2       .0       .6      1.8
           04          .0      1.1       .0       .0      1.7      4.5       .2      6.4      6.4       .0       .0      4.7
           05          .0       .0       .0       .0       .0       .4     10.5      2.2      5.4       .0      5.0      1.7
           06          .1      1.8       .0     27.0       .7       .0      4.7       .0     12.5       .0     23.4       .9
           07          .0       .0       .9       .1      5.8       .0      1.6       .7      2.5       .0     17.7     11.9
           08          .0       .0      3.6      1.8      2.0       .0      1.1      1.1      3.3       .0     13.5      2.9
           09          .0      9.6       .0      2.4       .1       .9       .0       .3       .0       .0      4.9       .5
           10          .0     15.2       .0      8.2       .0       .1      1.3       .0      2.7       .0       .0      3.1
           11          .0       .5       .0      1.0       .0       .9       .4       .0      4.6     10.3       .1       .0
           12          .0     11.4       .0     36.0       .0      2.0       .5      4.1      5.3     13.6       .1       .0
           13          .0       .5      6.4      2.6       .0     10.5       .9       .0     23.3       .0       .1      1.2
           14          .0       .0       .0       .0      2.1       .7       .0       .0      1.3      4.4      1.1       .0
           15          .0       .0      1.0      5.7       .0      1.5      2.0      5.4     13.9       .3     25.1       .0
           16         4.4      1.0       .2       .1       .0      2.7       .4       .1       .0      1.6      2.0       .7
           17          .2       .0       .0       .1       .0      2.9       .0      9.3       .0     14.1       .0       .0
           18         4.5       .0       .0       .0      2.8     10.2       .0       .0       .0       .2      5.3       .0
           19          .3       .0       .0       .0       .7      5.1       .0       .1       .7       .0      2.2     14.7
           20         3.5       .0       .1      1.5       .0       .0       .6      1.2      2.8       .0      3.2       .0
           21          .4       .0       .0      3.2      1.6      8.7       .0      9.9       .0     17.0       .0       .0
           22          .4       .0       .0      5.5      1.0       .1       .0       .1      1.6      1.2      5.9       .0
           23          .0      4.1       .0       .0       .0       .3       .0       .0     11.6      1.2      1.1       .0
           24          .0      3.0       .0     32.2       .5       .6      1.7      1.0       .0      5.7      2.8       .0
           25          .0      1.1       .0       .0      1.8      2.1      5.5      5.5       .2      9.4     11.2     25.1
           26          .0       .0       .0       .0       .0       .0      1.2      3.0       .0      7.4       .2       .3
           27          .0       .7       .0       .0       .0      6.5       .2     12.3       .0      2.3       .0       .0
           28          .0       .0       .0       .0     14.9      1.6       .0       .0       .1       .0       .0       .0
           29          .0       .0       .0       .0       .8      1.3       .0      2.5       .7       .2       .0       .0
           30          .0                .0       .0      9.6       .5      1.5      3.0     17.4       .0     23.3       .0
           31          .0                .0               3.5                .0      1.3              13.8               1.0

TOTAL                13.8     50.5     12.2    143.9     58.7     68.5     46.9     73.2    119.1    117.9    151.0     78.8
No DE DIAS LLUVIA       8       13        6       16       19       24       19       22       22       18       23       16
MAXIMA EN 24 Hrs      4.5     15.2      6.4     36.0     14.9     10.5     11.3     12.3     23.3     17.0     25.1     25.1