************************************************************************************************************************************
          DIA       ENERO *  FEBRE *  MARZO *  ABRIL *  MAYO  *  JUNIO *  JULIO *  AGOST *  SEPTI *  OCTUB *  NOVIE *  DICIE *
************************************************************************************************************************************

           01          .0     11.0       .0      1.8       .4       .0      2.6      1.1      1.4       .0      2.3     21.0
           02          .0       .1       .0     11.0      4.8      5.3       .0       .0       .0       .0      4.6      3.8
           03          .0     10.7       .0       .0       .0       .9       .0       .0       .0     17.7      6.7      2.9
           04          .4      1.4     16.8       .2       .3       .0       .0       .0     16.6      4.5       .0       .3
           05          .0       .0      6.6       .0      8.5       .7       .1      3.9      2.0       .0       .0     13.5
           06        10.2       .0      4.0       .5      1.6      2.7       .1       .0     17.6      1.8       .0     13.3
           07          .0       .0     16.2       .0      7.3       .0       .0       .3       .2       .0       .0       .0
           08          .0      4.0      2.5       .6      2.7       .0       .0       .0      1.0       .7       .6       .0
           09          .0       .0     18.9       .0       .7       .4       .0       .0      3.6       .2       .0       .4
           10          .0       .1       .0       .0       .8       .0       .0       .0       .9      6.0       .0      1.1
           11          .0       .0       .0       .0       .0      1.3       .0       .0       .0      4.2      4.4      4.8
           12          .0       .0      2.7       .0      1.9     21.6       .2       .0      2.8      1.9       .9      4.4
           13          .0       .0     19.0       .0       .8      3.8       .0       .0       .0      5.2      1.1       .0
           14          .0      1.3      8.8       .0      1.0       .0      1.8      1.5       .0      3.9      2.7       .0
           15          .0       .0     19.8       .2       .0       .4      3.2       .6       .5       .0       .1       .0
           16          .3       .0     30.0       .0       .0       .2       .0       .2       .0     13.4      3.2       .0
           17          .0       .4      2.8      2.7       .0      1.4       .0       .0     11.4       .0      3.1       .0
           18          .0       .0       .0      8.9      4.6      2.9       .0       .0       .0      7.2       .0       .0
           19          .0       .5       .0      2.9       .1       .0       .1      1.8       .2       .0       .0       .0
           20          .0       .0       .0       .0       .4       .4      3.4     16.3      9.1       .0       .0       .0
           21          .1      1.8      5.3       .6       .4      1.4      2.1      1.5       .7       .0       .0       .0
           22          .0       .0       .0       .1      1.0      1.0      3.9       .0       .7       .0       .0       .0
           23          .0      7.8       .0      1.0       .6       .1      2.2      3.6       .0      4.9       .2       .0
           24          .0      1.9       .2      1.0      3.5      1.0      2.5       .0       .0       .1       .0       .0
           25          .0       .0       .0      1.3      6.9      1.4      3.6       .2     10.1       .1       .0       .4
           26          .1       .0       .0       .0       .4       .3     10.1       .1       .2      2.1       .0       .3
           27          .0       .0       .0       .0      2.2       .3       .0       .7      1.9      6.3       .0       .0
           28          .0       .0       .0       .1       .0       .7       .0      1.4      3.9       .0       .0       .0
           29          .0                .0       .0      2.0       .0       .0       .9       .0       .7       .8       .0
           30          .0                .0       .0       .0       .0      3.2       .8       .0      1.2       .0       .0
           31          .6                .0                .9                .0       .0                .0                .0

TOTAL                11.7     41.0    153.6     32.9     53.8     48.2     39.1     34.9     84.8     82.1     30.7     66.2
No DE DIAS LLUVIA       6       12       14       15       24       21       15       16       19       19       13       12
MAXIMA EN 24 Hrs     10.2     11.0     30.0     11.0      8.5     21.6     10.1     16.3     17.6     17.7      6.7     21.0