************************************************************************************************************************************
          DIA       ENERO *  FEBRE *  MARZO *  ABRIL *  MAYO  *  JUNIO *  JULIO *  AGOST *  SEPTI *  OCTUB *  NOVIE *  DICIE *
************************************************************************************************************************************

           01         8.7       .0       .0      1.1      1.2       .5      1.8       .0       .0       .0     10.4      1.4
           02          .0      1.1       .4       .0      5.5       .0       .0       .0       .0       .0      1.2     16.1
           03          .0       .0       .3     18.0     22.8       .0       .0      2.0      5.8      6.0      4.4       .6
           04          .1      1.4      1.8      9.8     23.0       .0      6.2       .0       .0      2.5       .0     36.9
           05         1.8     12.5       .5       .4     13.5       .2       .1       .0       .0       .0       .1      5.6
           06         6.2      5.3       .0       .1       .0       .0       .0       .0       .0       .0       .0       .0
           07          .0       .0       .0       .0       .6       .0       .0      1.6       .0      3.8       .3      5.7
           08          .0       .0       .0       .0       .1       .0       .0      5.2      1.9       .3       .0       .2
           09          .9      6.5       .2       .0       .0      5.4     10.2       .0       .0      9.5      1.4       .0
           10          .0       .0       .0       .0      1.1      4.6       .6       .0       .1     18.0       .0       .0
           11          .0      1.2       .3       .0       .0      2.6      1.1       .0      1.0     14.2       .0      1.7
           12         1.6       .0       .0      1.6      2.5       .0       .0       .0       .0      1.2       .0       .0
           13        23.9       .3       .0       .5      1.4       .1      1.7       .2       .0      9.9       .0       .0
           14          .0       .4       .0       .1      2.4      4.8       .0      2.4       .8      5.5       .0       .0
           15          .0       .0      1.9      8.6       .2       .0       .3       .0       .0       .0       .0       .0
           16          .0       .0       .2      7.0       .0       .5      6.3       .3       .0       .8       .0       .0
           17          .7       .0       .0      1.5      1.6       .0       .3       .1       .0     47.6      2.1       .0
           18          .0      2.7       .0      1.3       .3       .1       .1       .0       .0     40.5      3.7       .0
           19          .0     13.9       .0       .0       .3       .9       .0       .0       .0      6.1       .0      3.7
           20          .0       .0       .0       .0       .0       .0       .3       .0       .0      4.7       .0       .0
           21          .3       .0       .0      4.1      1.2       .0      1.6       .0     20.6       .0     17.7       .0
           22          .0      2.6       .0      1.0      1.1       .1      2.9       .0      6.3       .0       .0       .0
           23          .0       .9      5.4     63.8       .0       .5       .3       .0       .0      8.8      8.2       .0
           24          .0       .0      2.1      9.2       .0       .0       .4       .0      7.3      4.4      3.0       .0
           25          .2       .0     11.5      5.4      1.7       .0       .0      3.6     31.5       .3       .0       .0
           26         3.9       .0       .4       .9      2.1      1.2       .0      1.1       .0      5.6     27.5       .0
           27          .0       .1       .0      4.9      1.3       .0      1.7       .1       .0       .0       .0       .0
           28          .0       .0       .0      7.7     12.2       .4       .0      1.7       .4       .0       .0       .0
           29          .0                .0       .7      6.4       .0       .0     13.3       .0       .9       .0       .0
           30          .0              12.3      8.0       .0       .0       .0      3.9       .0       .0      5.0     24.7
           31          .0               8.3                .0                .0       .3               4.9                .8

TOTAL                48.3     48.9     45.6    155.7 3  102.5     21.9     35.9     35.8     75.7    195.5     85.0     97.4
No DE DIAS LLUVIA      11       13       14       22       22       14       17       14       10       21       13       11
MAXIMA EN 24 Hrs     23.9     13.9     12.3     63.8 3   23.0      5.4     10.2     13.3     31.5     47.6     27.5     36.9