************************************************************************************************************************************
          DIA       ENERO *  FEBRE *  MARZO *  ABRIL *  MAYO  *  JUNIO *  JULIO *  AGOST *  SEPTI *  OCTUB *  NOVIE *  DICIE *
************************************************************************************************************************************

           01          .1       .0      1.2       .0       .0       .0       .4       .0       .0     15.6       .0       .8
           02        21.1       .0      7.9       .6       .0      1.1       .0       .8       .0       .0       .0      4.3  
           03          .0      1.3      3.5       .0       .7       .6       .0       .0       .0       .0     15.1       .0
           04          .0       .0       .0       .0      4.0       .0       .0      3.7       .6      1.5      8.9       .3
           05          .0       .0       .2      4.9      1.7       .0      1.2      1.2       .0       .0       .5       .8
           06         1.3      4.2      9.3       .8       .0      6.4      7.8       .9       .0       .5       .0       .0
           07          .1       .0     13.7       .0       .1       .0      1.3      6.8       .0     25.2     23.1       .0
           08          .0       .0      9.1      3.3       .0       .3      2.7      4.4       .0       .0      4.6       .0
           09          .0       .0      6.9      4.6       .0       .0      1.9       .2      1.8       .2       .2       .2
           10         1.9       .0       .6       .5      6.3       .0       .9       .0       .0       .0      7.5       .8
           11          .6     10.6      3.8      4.3       .1       .0      6.3       .0       .3       .0       .0     26.0
           12          .0       .0      1.3      6.2      1.0       .0       .0       .0       .4       .0       .4       .8
           13          .0       .0     13.4       .7       .5       .0       .2       .5       .0       .0       .8       .0
           14          .0       .0       .0      1.8      1.9      1.3       .1       .3       .4       .0      3.4      9.6
           15          .0       .0       .0       .2      3.7       .1       .0       .1      2.9       .0      9.6      2.0
           16          .0       .2      1.9       .0      1.0      3.2       .0      2.0      1.3       .0     24.8       .6
           17          .0       .0       .0      9.0       .0       .3       .0       .0      4.8       .0      2.3       .0
           18          .0       .0       .0      2.5     17.0       .0      2.8       .0       .5       .0       .0       .2
           19          .2      2.0       .0       .0     22.0       .0      1.0       .0      1.7       .0       .3       .0
           20          .0       .0       .0       .0     17.2       .0      1.7       .0       .9       .0       .0       .0
           21          .2       .0       .0       .0     18.4       .0       .0       .0       .7       .0       .0       .7
           22          .0       .0       .0       .0      6.3       .3       .0       .0      1.6       .0       .2      7.8
           23          .0       .0      8.8       .4      2.7      1.4       .3       .7      2.4       .0      2.2       .1
           24          .0       .0       .0       .0       .6      1.8       .0       .0       .0      4.1       .0       .0
           25          .0       .0      2.9       .0      1.7       .0       .4       .0       .6       .0       .0       .0
           26          .0       .0      9.0       .0       .0      2.2       .8       .0     19.7       .0       .0       .0
           27          .0       .0     22.9       .0       .0      3.8       .0       .1       .0       .0       .0       .3
           28          .0       .0      5.8       .4       .0       .7      1.7       .1       .0       .0       .0       .0
           29          .0                .0       .0      2.9      3.6       .0       .1       .0       .0       .0      8.8
           30          .0               4.1     42.4       .1       .0     11.7       .4     13.6       .0       .0       .0
           31          .0                .0                .1                .2      8.7                .0                .0

TOTAL                25.5     18.3    126.3     82.6    110.0     27.1     43.4     31.0     54.2     47.1    103.9     64.1
No DE DIAS LLUVIA       8        5       19       16       22       15       19       17       17        6       16       17
MAXIMA EN 24 Hrs     21.1     10.6     22.9     42.4     22.0      6.4     11.7      8.7     19.7     25.2     24.8     26.0