************************************************************************************************************************************
          DIA       ENERO *  FEBRE *  MARZO *  ABRIL *  MAYO  *  JUNIO *  JULIO *  AGOST *  SEPTI *  OCTUB *  NOVIE *  DICIE *
************************************************************************************************************************************

           01          .0       .0       .0       .1      4.0       .4       .0       .7       .0       .0       .0       .0
           02          .0       .0       .0       .2      1.5       .1       .0       .0       .0       .0       .0      3.7
           03          .0       .0       .0       .0      5.7       .0       .0       .0      1.8       .8       .0      3.5
           04         2.8       .0      5.7       .0       .5       .0       .4       .1       .0       .0       .0       .0
           05          .4       .0       .0      1.9      2.8       .0       .0       .0      1.0      8.6       .4       .1
           06          .0       .0       .0      8.5       .3       .0       .1       .0      1.8       .0      5.2     10.3
           07          .0       .7       .0      5.3       .0       .0       .3       .0       .6      7.4      3.0       .1
           08          .0      1.2       .0       .2       .0       .2       .5      3.4       .0       .9       .2     25.3
           09          .0       .0       .0       .0       .0       .0       .3       .1      1.6       .0      6.8      3.0
           10          .0      5.2      1.8       .0       .2       .0      2.6       .4       .0       .0      1.4     10.5
           11          .0      6.3       .0       .0       .0       .0       .0      5.7       .0       .0       .0      1.6
           12          .0       .0      9.4       .0      1.2       .2       .1       .0       .0      2.3      6.4       .6
           13          .0       .0       .0       .0       .0       .0      2.0       .0       .0       .0      1.9       .0
           14          .0       .0      1.3       .0       .2       .5      9.6       .0       .3       .4       .0       .0
           15         5.0       .0       .1      3.1       .0       .0      1.2       .3       .0       .0      7.9       .0
           16          .0      1.2       .0       .1      1.0       .0       .2      3.6       .0       .0      4.5       .0
           17          .0       .0       .0       .1       .0       .0       .3       .1       .0       .0      1.8       .3
           18          .0       .0       .0       .5       .6       .2       .0       .0       .0       .0      1.5       .0
           19          .0       .0      2.2      1.0       .5      1.6       .0      3.2       .0       .9      1.3       .0
           20          .0       .0       .1       .3       .5       .2       .0       .0       .0       .2     11.1       .0
           21          .0       .0       .0      1.4       .0       .0      2.4       .4     13.4       .0       .0       .0
           22          .0      5.2       .0       .3       .7       .0      6.0       .0      6.1       .0     12.1       .0
           23          .1       .0       .0       .0       .0       .9       .2       .0       .4       .0     15.9       .0
           24         3.3       .0       .0       .0       .2       .0      1.5      1.0       .0       .2       .0       .0
           25          .0       .0       .0      2.2       .7       .0       .3       .0       .0       .0       .0       .0
           26          .0       .0       .0      2.7       .0      1.6       .4       .1      7.5       .5      1.2       .0
           27          .0       .3       .0       .0       .4      1.7      1.3       .0       .2       .4      6.3       .0
           28          .3      2.0       .4       .0      6.7      1.2       .2       .0     15.0       .0      4.7       .0
           29          .1       .0      3.6      3.4       .5       .0      1.1       .0       .0      2.4      8.2       .0
           30          .0               1.5      3.7       .2       .0       .7      5.4       .0       .0      6.5       .0
           31         2.0                .1                .0               1.6       .0                .4                .0

TOTAL                14.0     22.1     26.2     35.0     28.4      8.8     33.3     24.5     49.7     25.4    108.3     59.0
No DE DIAS LLUVIA       8        8       11       18       20       12       23       14       12       13       21       11
MAXIMA EN 24 Hrs      5.0      6.3      9.4      8.5      6.7      1.7      9.6      5.7     15.0      8.6     15.9     25.3