************************************************************************************************************************************
          DIA       ENERO *  FEBRE *  MARZO *  ABRIL *  MAYO  *  JUNIO *  JULIO *  AGOST *  SEPTI *  OCTUB *  NOVIE *  DICIE *
************************************************************************************************************************************

           01          .0       .0       .0      8.0       .0      6.5       .0       .0      8.7       .0      1.1       .0
           02          .0      3.2      2.7      6.0       .0       .2      1.2       .0       .7       .0       .0       .0
           03          .0      5.2       .5       .4       .0      8.2       .6      3.5       .0       .0     21.7       .0
           04         3.7      6.0       .5      1.4      1.4     14.4      3.3       .2       .0       .4      8.4       .0
           05          .2     11.1       .8     16.0      5.5      3.3      2.2       .0       .0       .0      7.2       .0
           06          .0       .0       .0       .0       .9      2.6      6.4       .2       .0     15.3       .6       .0
           07          .0       .0       .0     11.0      2.5       .0      2.1       .0       .0       .4     27.4       .2
           08         1.0       .0       .0       .0       .3       .0       .0       .0       .0      5.7      3.6       .0
           09         4.1       .0       .0       .7       .4       .0       .1       .1       .0      3.2       .0       .3
           10          .0       .0       .0       .4       .0       .0       .2       .8      2.7     10.3      9.0       .0
           11          .0       .0      3.6       .0       .1       .0       .5       .0       .3       .6       .3       .0
           12          .0       .0      3.4      4.0       .6      6.4       .0       .0       .0      2.7       .0      6.0
           13          .0       .0     13.9       .7       .0       .0       .0       .4       .0      1.1       .0       .0
           14         6.1       .0       .0       .1      9.7       .4      1.7      1.3       .0      1.1       .0       .0
           15          .4      4.9       .0       .0       .0       .0       .8      2.7       .0       .0       .3       .3
           16         2.7       .0       .0       .0       .0       .0       .1       .0       .0       .0      1.0       .0
           17          .0       .0       .4       .5      9.6       .0       .2       .0       .1      9.9     14.5       .2
           18          .0       .0       .0       .3     19.9       .0       .0      1.0       .4       .1      8.7       .0
           19         5.1       .0       .0       .0     13.1       .0       .5      1.4       .2      1.1       .0       .0
           20          .0       .0       .0       .0       .0       .0       .0      5.8       .0       .0     25.2       .0
           21          .0      9.2      7.1       .0       .0      3.7       .3      1.2       .0       .0     22.0      1.8
           22          .0       .0      1.0       .0       .2       .4       .0       .0       .1       .8       .8       .0
           23          .0       .2      1.8       .0      1.3       .0       .0       .0       .0      1.8      1.0       .0
           24          .0      9.8       .0      1.3       .6       .0       .0       .0      7.7     14.3     10.3       .5
           25          .0      7.5       .0      3.0      6.3       .3       .0       .0       .5       .2     20.6       .0
           26          .0      5.2       .0      3.6     21.2      6.2      3.4       .0      3.7      6.2      1.0       .0
           27          .0      3.3      4.8      3.6       .4       .0       .0      1.7      5.6       .0      4.4       .0
           28          .1       .0     11.4      9.2       .2      2.4       .0     10.0       .0     16.0       .0       .0
           29         3.4                .0     19.1       .0       .0       .6       .6       .6      2.3       .0       .0
           30          .4              24.0       .1       .0       .0       .2      3.6      1.3       .0       .0       .0
           31         3.4              31.2                .0                .0       .0                .4                .0

TOTAL                30.6     65.6    107.1     89.4     94.2     55.0     24.4     34.5     32.6     93.9    189.1      9.3
No DE DIAS LLUVIA      12       11       15       20       19       13       18       16       14       21       21        7
MAXIMA EN 24 Hrs      6.1     11.1     31.2     19.1     21.2     14.4      6.4     10.0      8.7     16.0     27.4      6.0