************************************************************************************************************************************
          DIA       ENERO *  FEBRE *  MARZO *  ABRIL *  MAYO  *  JUNIO *  JULIO *  AGOST *  SEPTI *  OCTUB *  NOVIE *  DICIE *
************************************************************************************************************************************

           01          .0       .0      1.4       .0       .0     10.0       .0     15.0       .0       .0       .3       .0
           02          .0       .0       .0      4.4       .0       .6      3.7      4.4       .0       .0       .0       .0
           03          .0       .0       .0     11.5       .1      3.5       .0       .1       .0      2.0     11.2       .1
           04          .0       .0       .0       .1     54.0       .0     10.5       .0       .0       .0      9.2       .3
           05          .4       .0       .6       .0     18.0     13.9       .0      2.8       .0       .4       .0       .5
           06          .0      2.0       .0       .0      3.0     18.5       .0      1.5       .0       .0      1.6     19.2
           07          .0       .0       .0     31.0       .2      4.3       .0       .8       .0     12.5      1.3       .2
           08          .0       .0       .4       .0       .7      6.7      7.8       .0      2.0       .0     13.5       .0
           09          .0       .0      7.0       .0       .3      8.6       .0      1.4       .5      8.0       .3       .0
           10          .0       .0     15.0       .0       .9       .0       .0      3.0       .6       .0       .0       .0
           11          .0       .0     24.1       .0       .0       .0       .4      1.3     27.0     34.8       .0     31.4
           12          .0       .0       .0       .0       .1       .0      1.6      1.0       .0      7.7     19.8       .6
           13          .0       .0       .0      1.1       .5      2.1      2.4      2.1      4.5       .0      4.6       .5
           14          .0       .0       .5     15.6       .6      1.3      1.6       .4      4.5       .6       .0     11.8
           15          .0       .0       .0      5.1       .1      1.5       .3      2.7       .7       .0       .0      4.5
           16         1.2       .0       .0      3.7       .0       .0      1.0      7.5       .0       .0       .0       .0
           17          .0       .0       .0      6.8      4.8      1.0      1.5     10.6       .0       .0       .0      1.1
           18          .0       .0       .0      3.6      1.9       .2      1.5       .5       .0      7.8      1.6       .6
           19          .4       .0       .2     12.1      2.8       .4      1.0      8.5       .0      1.6     30.3       .0
           20          .8       .0       .0      6.5       .0      3.6      2.1       .0       .8       .0       .0      3.8
           21          .6      3.8      3.5      3.0       .7       .0      1.3      4.0       .5      4.3       .0      1.4
           22          .0       .0       .0       .5      3.8       .0       .0      2.4       .1      4.6      3.6       .0
           23          .0       .0      2.8       .0       .0      1.2       .0      1.0       .0      2.0       .0       .0
           24          .0       .5      9.5       .0     11.8       .7      5.2       .8      4.6       .0       .0       .2
           25          .0       .0      1.2       .3      8.0       .0      2.4      1.1       .1       .0       .0       .0
           26          .0       .4       .0      7.7       .6       .0      2.6     12.0       .0       .1       .0       .0
           27          .0       .0       .0      8.2      4.0       .0      6.6       .3      5.6       .0       .0       .0
           28          .0     14.0      1.9      8.4       .8      2.6      1.0      1.5       .6       .0       .0       .0
           29          .0                .0     12.7       .5       .4       .0       .0      4.2     25.6       .0      2.2
           30          .0                .0       .0      8.0       .0       .0       .0       .3       .0       .0       .0
           31          .0                .0                .0                .6       .0                .0                .0

TOTAL                 3.4     20.7     68.1    142.3    126.2     81.1     55.1     86.7     56.6    112.0     97.3     78.4
No DE DIAS LLUVIA       5        5       13       19       24       19       20       25       16       14       12       16
MAXIMA EN 24 Hrs      1.2     14.0     24.1     31.0     54.0     18.5     10.5     15.0     27.0     34.8     30.3     31.4