************************************************************************************************************************************
          DIA       ENERO *  FEBRE *  MARZO *  ABRIL *  MAYO  *  JUNIO *  JULIO *  AGOST *  SEPTI *  OCTUB *  NOVIE *  DICIE *
************************************************************************************************************************************

           01          .0       .4       .3       .0       .0       .0       .0       .0       .0       .0       .0       .0
           02         6.5       .0       .0       .0       .0      2.3       .0       .0       .0      3.5       .0      1.0
           03          .0       .0       .0       .0       .0       .0      5.3       .0       .0       .0       .0      7.2
           04          .0       .0       .0       .0      4.0       .0       .5       .0       .0       .0       .0      7.0
           05          .0       .0       .8       .0       .0       .0       .4      1.2       .0      2.5       .0       .0
           06          .0       .0      8.0       .0       .0       .0       .0       .0       .0     13.2       .0       .0
           07          .0      9.6       .0       .0       .0       .0     14.5      2.3      4.3       .0      1.0       .4
           08          .0      8.5       .0       .0     10.6       .0       .0      3.5       .0     20.9       .7       .1
           09          .0      1.3      6.9       .0      1.0       .0      2.3       .0       .0       .0       .0       .0
           10          .0      3.2     26.1      3.4       .0       .0      1.8       .0       .0      1.5       .0       .0
           11          .0       .5      3.7      8.5       .0       .0       .0       .0       .0       .0       .0       .4
           12          .0      5.0       .0       .0       .0       .8       .0       .0       .0      2.7       .0      3.3
           13          .0       .0      1.0       .0     20.9       .0       .4       .8       .0      1.6      6.2       .0
           14          .0       .0       .0       .0       .0       .0      6.2      3.7       .0       .0       .7       .1
           15          .0       .0      6.5       .0       .3      2.6      1.3       .0       .0      2.3       .0       .0
           16          .0      2.0       .0       .0       .0       .0      2.7       .0       .0       .0       .0       .0
           17          .0      7.5       .0       .0       .0      6.3      1.3      5.7      5.2       .0       .0       .0
           18          .0       .0       .0       .0      5.0       .0       .0      7.8       .0     16.0       .0       .0
           19          .0       .0       .0       .0       .0       .2       .0       .0      1.0      7.0       .0       .0
           20          .0       .0       .0       .0       .0      6.5      7.9      1.0       .0       .0       .0       .0
           21          .0       .0       .0       .0     11.1      3.3       .3       .6       .0       .0       .0       .0
           22          .0       .0       .5       .0       .0      7.3       .0       .0       .0       .0       .0       .0
           23          .0       .0       .0     23.8      7.6       .2       .0       .0       .3     17.6       .0       .0
           24          .0       .0       .0      6.0       .0       .9      1.4      3.1       .4      1.1       .4       .0
           25          .0       .0       .0      4.0     32.4       .2       .0      3.0       .0       .0       .0       .0
           26          .0       .0       .0      6.4      6.4       .0       .8       .5      3.7       .0       .6       .0
           27          .0       .0       .0      1.4       .4       .0       .0       .0       .6       .7       .0       .0
           28          .0      4.0       .0       .0       .0       .0       .0      7.4       .0       .0       .0      2.4
           29          .0     11.3       .8       .0      2.1       .0       .0      1.5     13.2       .0       .0     12.5
           30          .0               5.4      4.0       .7       .0       .0      1.5       .0       .0      3.0       .0
           31          .0                .0                .0                .6       .0                .0                .3

TOTAL                 6.5     53.3     60.0     57.5    102.5     30.6     47.7     43.6     28.7     90.6     12.6     34.7
No DE DIAS LLUVIA       1       11       11        8       13       11       16       15        8       13        7       11
MAXIMA EN 24 Hrs      6.5     11.3     26.1     23.8     32.4      7.3     14.5      7.8     13.2     20.9      6.2     12.5