************************************************************************************************************************************
          DIA       ENERO *  FEBRE *  MARZO *  ABRIL *  MAYO  *  JUNIO *  JULIO *  AGOST *  SEPTI *  OCTUB *  NOVIE *  DICIE *
************************************************************************************************************************************

           01          .0       .0      4.2      2.1       .3       .0      6.6       .4       .0      1.6       .0       .1
           02          .0       .0       .0       .0      6.1      4.5       .0       .0       .0       .0       .3       .0
           03          .0       .0       .0       .0       .0      7.0       .4       .0       .0       .0       .7       .0
           04          .0      9.0       .0       .0     12.6      1.5      1.0       .0      2.8       .0       .0       .0
           05          .0       .0       .0      1.5       .0      6.8      1.6       .0       .0       .0       .0       .3
           06          .0       .0       .0      5.8       .0       .0       .0       .0       .0       .0       .0       .0
           07          .0      2.3       .0      6.1       .0     26.5       .5      1.0       .0       .0      3.4       .0
           08         3.8      2.2       .0      5.2       .0      1.1       .0       .0       .0       .0       .0       .0
           09          .0       .5       .0       .0       .9      2.0       .0       .2       .0      9.6     13.1       .0
           10         4.3       .0       .0      2.2      1.1       .0       .3       .2       .0      4.5       .0       .0
           11          .0       .8      6.9       .1     10.1       .0      1.6       .7       .0       .0       .0      1.5
           12          .2       .0      4.5       .0       .3       .0      1.0       .7       .0      1.2     12.4       .0
           13          .0       .0       .0       .0       .0       .0       .5       .6       .0       .0       .0       .0
           14         7.7       .0     12.8      5.8      2.0       .3       .0       .5       .0      3.6       .0       .0
           15        24.0       .0       .0       .0       .0       .0      3.0       .4       .0      5.0      1.2       .0
           16        12.1       .0       .0       .0      1.4       .0       .4       .7       .5     25.4       .0       .0
           17          .0       .1     26.3       .1       .0      6.6       .8       .3       .0      9.7      5.3       .0
           18          .2       .0      1.8       .0      9.0      4.7       .0      4.0       .4       .0       .0       .0
           19         4.5       .0      1.5      6.5       .0       .0       .0       .0      2.8       .0       .0       .0
           20          .0       .0       .0      2.8      3.3       .0       .0       .0      7.8      1.7       .0       .0
           21          .0       .0       .0       .0       .3       .0       .0      1.6      1.4       .0       .0       .0
           22          .0       .0       .0      2.9      7.6       .0       .0       .0      9.3       .0       .0       .0
           23         1.2       .0       .0       .0       .0      2.0       .0       .0       .0       .0      1.6       .0
           24          .0       .0       .0      1.5      1.8      2.9       .0       .0       .0       .7       .0       .0
           25         5.4      1.2       .0       .6      2.0       .0       .0       .0       .1       .0       .0       .0
           26          .0       .0       .0       .0       .9       .0       .0      1.2       .0       .0       .0       .0
           27         1.4       .0       .0      1.9       .0       .0       .0      1.5       .0       .0       .0       .5
           28          .0       .0       .0      1.3       .0       .0       .0       .0       .0       .0       .0       .0
           29          .5                .0       .0       .0       .1      1.1       .0       .0       .0       .0       .3
           30         2.0                .0       .0       .0       .0       .0       .0       .0       .0       .1       .0
           31          .0                .0                .0                .0       .0                .0                .0

TOTAL                67.3     16.1     58.0     46.4     59.7     66.0     18.8     14.0     25.1     63.0     38.1      2.7
No DE DIAS LLUVIA      13        7        7       16       16       13       13       15        8       10        9        5
MAXIMA EN 24 Hrs     24.0      9.0     26.3      6.5     12.6     26.5      6.6      4.0      9.3     25.4     13.1      1.5