************************************************************************************************************************************
          DIA       ENERO *  FEBRE *  MARZO *  ABRIL *  MAYO  *  JUNIO *  JULIO *  AGOST *  SEPTI *  OCTUB *  NOVIE *  DICIE *
************************************************************************************************************************************

           01          .0       .0       .0       .9      4.8       .0      1.0       .0      3.1       .0       .0       .0
           02          .0       .0       .0     24.2     17.0       .3       .4       .7     11.7       .0       .0       .4
           03          .0       .8       .2     10.0      5.2       .0      2.9      1.4       .0      3.4       .4     17.8
           04          .0       .0       .1      3.1     13.9      1.2       .8       .8       .0       .0     28.4      2.5
           05          .0       .0       .0       .3     20.6       .5       .4      7.5       .0     11.5       .9      1.1
           06          .0      5.8      1.0       .0      2.1       .5       .0       .8       .3      5.7      4.4      8.9
           07          .0     12.1       .0       .3       .8      2.4     19.0       .0      6.8      1.0     14.4       .6
           08          .0      9.4       .0       .0      2.1      6.7     21.9      1.4       .0       .0     32.1       .6
           09          .0       .0       .0       .0      1.2       .0       .4      3.1       .0       .0       .0      2.3
           10          .0      6.4      1.3      5.6      9.3       .0       .5       .0     10.2       .0       .0      8.4
           11          .0      1.3       .0       .0       .5       .5       .4      1.1      4.4       .0       .1     16.0
           12          .0       .0       .0      6.2       .0       .1      1.2      2.4      5.8      7.6      1.8      7.5
           13          .0      4.6       .0       .0      1.1      2.8       .0      4.4     15.9      1.7       .1       .0
           14          .0       .0       .0      1.6       .2      7.7      3.5     14.7      3.4     11.9       .0       .0
           15          .0       .0       .0       .0       .4      3.3       .5       .0      1.1      4.2       .0       .0
           16          .0       .0       .0      4.1      2.3       .0      4.4       .0      9.0       .7       .0       .0
           17          .0       .0       .0       .0      1.1       .3      5.2       .0     20.4      1.5       .0       .0
           18          .0       .0       .0      1.3       .0       .0     14.0     11.1       .0      2.1       .1       .0
           19          .0       .0       .0       .0       .0       .0       .0       .0      4.7       .0       .6       .0
           20          .0       .5       .9     16.1       .0       .6      2.1       .9       .0       .5      9.3     16.2
           21          .0       .0      9.6       .6       .7     12.3      1.4       .0      2.5       .0       .4       .0
           22          .0       .0       .0       .0      1.3       .0      1.3       .3       .9       .3       .0       .0
           23          .0       .9       .6       .5     11.5       .7       .0       .5       .0     12.8       .6      8.5
           24          .0       .0       .0      5.2      9.9       .0       .9       .0       .0     13.6       .6       .0
           25          .0       .0       .0       .5      7.5       .2       .1       .0      1.9       .0       .3       .0
           26          .0       .0       .0      1.1      1.3      2.9       .0       .5      8.7      3.4       .2       .0
           27         1.9       .0       .4      2.3     23.2      2.8       .5       .0       .0       .0       .0     15.9
           28          .0       .0      2.3     12.0       .6      6.5       .9       .0       .0     13.0       .0       .0
           29          .0               6.8       .0       .3       .4       .4       .0      3.8       .2       .0     14.5
           30          .0               4.6       .3      8.6       .0       .0       .0       .6       .3       .0       .4
           31          .0                .0                .0                .0       .0                .9               1.1

TOTAL                 1.9     41.8     27.8     96.2    147.5     52.7     84.1     51.6    115.2     96.3     94.7    122.7
No DE DIAS LLUVIA       1        9       11       20       26       20       24       16       19       20       17       17
MAXIMA EN 24 Hrs      1.9     12.1      9.6     24.2     23.2     12.3     21.9     14.7     20.4     13.6     32.1     17.8