************************************************************************************************************************************
          DIA       ENERO *  FEBRE *  MARZO *  ABRIL *  MAYO  *  JUNIO *  JULIO *  AGOST *  SEPTI *  OCTUB *  NOVIE *  DICIE *
************************************************************************************************************************************

           01          .2      9.6      1.2      4.4       .0       .2      1.9       .4      1.7      4.7     35.2       .2
           02          .0       .6       .8       .5       .0      1.0       .0       .5       .0     21.2      2.5      1.7
           03          .0       .0       .0      5.3       .0      1.4       .0       .0      1.5      2.9      1.2      2.6
           04          .0      1.4       .0       .0       .6     12.5       .0       .0       .0       .8      5.0      2.9
           05          .0       .2       .0      7.6      6.4       .0       .0       .4       .0     28.7       .0       .0
           06          .0       .0       .0      2.2      5.6      7.2       .3       .0       .0     17.1       .0      2.0
           07          .0       .0      1.6      2.4       .0     14.7      9.1      5.3       .0      7.6       .0      1.3
           08          .0       .0      4.4     12.8      1.5      8.3       .0       .0      2.0       .3       .6       .0
           09          .0      8.8       .1      1.9       .3      4.6       .0      1.0      2.2      5.5       .0      3.2
           10          .7       .0       .0      1.3      9.2      1.0       .0       .1     11.5      1.0       .0       .0
           11         6.0       .0       .0      4.9     13.1      1.0       .0       .0      4.5       .0      5.4      1.7
           12          .0       .0      3.1       .0     13.2      2.3       .3       .0      3.3       .3       .5     13.6
           13          .0       .1       .0       .3      6.0      3.0       .1      1.0     28.5       .0       .0      8.1
           14          .0      3.2       .2      1.0       .3      2.1       .0       .3       .0      2.1      1.1      4.0
           15          .0      6.2     11.7       .0       .0      6.3       .2       .7     10.3       .0      1.6       .0
           16        16.8      3.8     22.8       .2       .0     18.4       .0      8.2      5.4       .5      8.3       .0
           17          .0     17.0      3.1       .1       .0      5.4       .0       .0       .0     15.5      6.0       .0
           18          .0      8.4       .0       .0      6.9      3.8       .0       .0       .0      5.1     16.7       .0
           19          .0       .3       .0      1.4       .0      1.7       .0       .0       .0      2.0      2.9       .0
           20          .0     13.0       .0       .0       .0      5.5       .4       .0       .0       .0      1.9      3.7
           21         1.6      1.5      2.6       .3       .3       .6       .0       .0       .5     17.0       .0       .0
           22          .0       .5       .0      2.1      3.2       .0       .0       .0       .0      7.7       .0       .0
           23          .2      6.6       .0      6.4       .0      2.0      9.4      8.0     12.2      4.8       .0       .0
           24          .7       .3       .0       .3       .0      2.4       .1      2.8       .0     12.0      1.8      2.5
           25        15.3      1.3       .9      9.1       .0       .2       .0      3.5      2.7     12.5      1.3       .3
           26          .3     10.3      1.6      4.8       .0       .7       .3     15.5     21.0     11.8      2.1       .0
           27          .0       .5       .0       .7      1.1      5.2       .4       .7       .5      2.7      6.3       .0
           28          .0       .2      3.0       .6       .2      5.4       .0      2.9     32.5      5.6       .0       .0
           29          .0               2.4       .6       .7       .0      1.8       .0       .0      2.1       .0       .0
           30          .0               3.2       .0       .0       .0      5.2       .0       .0      1.8      1.5       .1
           31         1.6                .0                .0                .3       .0               6.0                .0

TOTAL                43.4     93.8     62.7     71.2     68.6    116.9     29.8     51.3    140.3    199.3    101.9     47.9
No DE DIAS LLUVIA      10       21       16       24       16       26       14       16       16       27       19       15
MAXIMA EN 24 Hrs     16.8     17.0     22.8     12.8     13.2     18.4      9.4     15.5     32.5     28.7     35.2     13.6