************************************************************************************************************************************
          DIA       ENERO *  FEBRE *  MARZO *  ABRIL *  MAYO  *  JUNIO *  JULIO *  AGOST *  SEPTI *  OCTUB *  NOVIE *  DICIE *
************************************************************************************************************************************

           01          .0       .0       .0       .0     20.8       .0       .0       .0       .4       .0      4.6       .1
           02          .0       .0      1.0       .0       .0       .0       .3      1.7      4.2      4.0       .0       .0
           03          .1       .0       .0       .0      3.0       .0      3.2      6.9      3.0     14.4       .0       .0
           04          .0       .0       .0      1.5      1.3     11.8       .0       .0      3.5       .4       .4       .8
           05          .0      3.4       .0       .4      2.0       .0       .0       .0      1.7       .6       .0       .3
           06         1.6       .0       .0      3.7       .4       .4       .3      8.7      4.6       .0       .0       .1
           07          .6       .0      1.4       .4      2.8      9.1       .0      1.5      1.7       .3      8.0      5.7
           08          .0       .0       .0       .0      2.2     12.7       .0       .4     16.7       .3     13.9       .0
           09          .2       .0     10.2       .0       .7       .4       .0       .0     21.9       .0       .0       .0
           10          .0       .0       .4       .0      6.5       .0       .0      1.5       .0       .0       .0       .0
           11          .0       .0       .0       .6      2.5       .1       .0      1.1       .0       .0       .0       .0
           12         1.6       .0       .3      3.6       .4       .0      4.7       .5       .0       .0       .1      1.2
           13          .0       .0      1.0       .0      4.8       .3     17.4       .0       .0       .0       .0       .0
           14          .0       .0     14.1       .3     18.6       .4      1.1       .0       .4       .1       .0     14.2
           15         1.3       .9       .0      1.3      6.7       .3       .0       .0       .0       .6       .0       .0
           16          .0       .0       .0       .0      5.3      2.0       .7       .9       .5       .0       .0       .0
           17          .0      5.4       .3       .3       .0       .5       .5      1.6       .0       .1      7.2       .4
           18          .1      5.6      1.3     20.5      4.2       .3      1.2       .0       .4       .0      6.5       .9
           19          .0       .0       .2       .0      9.2       .0     29.0       .0       .0       .0       .3      5.1
           20         2.9     28.1       .0       .0      2.0       .0       .5       .0      1.1       .3       .0      1.0
           21          .1     14.5       .0       .0       .3       .3      1.1       .0       .1      2.5       .0       .0
           22          .2      2.5       .2      1.0      1.0       .3       .4       .0     33.2      2.4       .5       .0
           23          .0       .2      2.3       .0      1.6      2.2       .0      1.0      3.5     14.7       .0       .3
           24          .0       .6     19.9       .6       .0     15.1      4.1       .0       .6     11.1       .0       .0
           25          .0     10.7      6.5       .0       .0      3.6      2.2      1.1       .0       .5       .0       .0
           26         1.1     37.2      4.2       .0       .0       .3       .0       .3      4.5     17.5       .0       .0
           27         6.5      4.5      9.8       .0      2.0      1.5       .0       .3     15.3      2.2       .0       .0
           28          .0      9.8       .0      2.3      1.2       .0      3.1       .4       .3       .9        0       .0
           29          .0       .0       .1       .2      1.5       .0       .0      2.8      5.9       .2       .0     10.7
           30        12.0                .0     20.8      4.7       .0       .1     23.5      7.1      4.3       .0       .3
           31          .0                .7               5.2                .2      1.7              13.3                .0

TOTAL                28.3    123.4     73.9     57.5    110.9     61.6     70.1     55.9    130.6     90.7     41.5     41.1
No DE DIAS LLUVIA      13       13       18       15       26       19       18       18       22       21       10       14
MAXIMA EN 24 Hrs     12.0     37.2     19.9     20.8     20.8     15.1     29.0     23.5     33.2     17.5     13.9     14.2