************************************************************************************************************************************
          DIA       ENERO *  FEBRE *  MARZO *  ABRIL *  MAYO  *  JUNIO *  JULIO *  AGOST *  SEPTI *  OCTUB *  NOVIE *  DICIE *
************************************************************************************************************************************

           01          .0       .0       .4       .2      3.6       .4       .2       .2      1.5      3.6      5.6     14.6
           02          .0      5.3      1.9       .0     14.8     24.2       .0       .0      1.0       .0      3.8      1.5
           03          .0       .0       .0       .3      2.0       .0       .1      2.6       .3       .0       .0       .0
           04          .0       .0       .0      9.8      1.9       .0       .5       .0       .7       .0       .0       .0
           05          .0       .0      1.0       .0       .0       .3       .0      1.6       .0       .0       .0       .0
           06          .0       .0       .0       .4       .1       .7       .3       .0       .0       .0       .2       .0
           07          .2       .0       .0       .4       .3       .0       .0       .3     18.6       .0       .0       .0
           08          .0       .0       .0       .0     13.6       .6       .7       .3      1.6       .0       .1       .3
           09          .0       .0       .0       .0      4.2       .2       .0       .0      3.4       .0       .0       .3
           10          .7       .0       .0      3.2       .0      2.0       .0      1.1       .0       .8      1.0       .2
           11          .0       .0       .3       .0       .0       .7      2.1       .2       .8       .0       .0       .0
           12          .0       .0       .0       .8       .0      8.8       .0       .0       .7       .0      3.4     15.2
           13          .0       .0       .0       .0      1.7       .0       .0       .5     11.0       .0       .3       .3
           14          .0       .0       .0       .0       .4       .4      5.6      1.6      5.7       .0       .3       .3
           15          .0       .0      3.4       .0       .7       .2      1.1      1.5       .0       .9      1.3      1.1
           16          .0       .0      9.9       .4       .1       .0       .3       .0       .0     24.0       .4      6.0
           17         9.6       .0       .0       .0       .0      4.0       .0      1.3     11.3      2.7       .0      6.0
           18          .0       .4      3.6       .0       .5       .5       .0       .0       .0       .0      2.0       .3
           19          .0       .0     22.5       .0      2.0       .5       .0      3.1       .0       .0       .5       .0
           20         2.1      5.2      7.4      1.0      1.0      2.8       .0       .0      1.4       .0       .0       .0
           21         3.9      2.2      5.6       .0      1.2       .0       .4       .0      2.2      2.7       .0       .6
           22        22.6      1.0     25.0       .0       .0       .4      8.5       .0       .0       .0       .0       .0
           23        10.1       .0       .2       .0      7.4       .0       .0       .0       .3       .5       .0       .0
           24          .0       .0       .6       .0       .2       .0       .0       .0       .0       .0      3.4       .4
           25          .0       .0       .0       .3      4.7       .0       .6       .0       .0       .0       .3      3.1
           26          .0      2.2       .0       .9      9.3       .0      2.7       .1       .0       .0     22.7      3.6
           27          .0       .0       .0      1.1     10.8       .0     14.3       .4      5.3       .0      7.3       .0
           28          .0      3.0       .0       .2      5.7       .5      1.5      2.6       .0       .0      1.6       .0
           29          .0                .0       .4       .5       .0       .3       .0       .6       .2       .0       .0
           30          .0                .0       .0       .1       .0       .0       .0       .0      2.4       .0       .0
           31          .1                .1                .2               1.3       .3               5.3                .0

TOTAL                49.3     19.3     81.9     19.4     87.0     47.2     40.5     17.7     66.4     43.1     54.2     53.8
No DE DIAS LLUVIA       8        7       14       14       25       17       17       16       17       10       17       16
MAXIMA EN 24 Hrs     22.6      5.3     25.0      9.8     14.8     24.2     14.3      3.1     18.6     24.0     22.7     15.2