************************************************************************************************************************************
          DIA       ENERO *  FEBRE *  MARZO *  ABRIL *  MAYO  *  JUNIO *  JULIO *  AGOST *  SEPTI *  OCTUB *  NOVIE *  DICIE *
************************************************************************************************************************************

           01          .6       .0       .0      1.6       .0       .0       .0       .0      6.4       .0       .0       .0
           02          .0       .0       .0      4.9       .4      4.7       .0       .0      2.0       .0       .2       .0
           03          .0       .0       .0       .0       .1      3.0       .0       .9      1.7       .0       .0       .0
           04          .2      1.0       .0       .0       .0      3.9       .0      4.8       .0       .0       .2       .0
           05          .0       .0      1.1       .0       .0      5.0     10.4       .0       .0       .0       .0       .6
           06          .0       .3       .0      2.7       .1     20.5     17.0       .3       .0       .1     12.6       .0
           07          .3       .3       .0       .0       .0      5.9       .0       .0       .0       .0     10.0       .0
           08         3.2      9.3       .0     36.8       .0     18.6       .0      5.4       .6       .0      6.3       .0
           09          .0       .8       .0      7.5       .0      1.6       .2      1.6       .0       .0      2.5     15.7
           10          .0      2.7       .0       .0       .7       .4       .0       .0       .0       .1       .0       .0
           11          .0       .0     16.4       .0       .0       .0       .2       .0       .0       .0       .0       .0
           12          .3       .0      6.7       .0      6.0      1.2       .0       .0       .2       .0       .0       .0
           13        16.4       .0       .0      8.8       .0       .2       .0       .2       .0       .0      6.1       .0
           14          .0       .6      5.7      1.9      1.1       .0       .0       .0       .0       .0      5.2       .0
           15          .0       .0       .0       .0       .7       .7       .3       .3       .4       .4       .0     16.1
           16          .0      1.0      3.0       .0      2.5       .1      1.2       .0       .1       .3       .0     19.8
           17          .0       .0     22.8       .0       .2       .0      1.5      2.0      1.5       .0       .0      3.4
           18         4.3       .0       .2       .0       .0       .1      1.0       .0       .3       .0       .0       .2
           19          .0       .0      4.4      2.2       .0       .4       .2      2.8       .3       .0       .0      5.7
           20          .0       .0      4.5      3.5       .0       .0       .1      1.0       .0     19.0       .3      2.6
           21          .2       .0      5.6       .0       .0       .5       .0       .0       .0       .0       .3       .0
           22          .0       .0     11.2       .0     14.0       .0       .0      1.8       .3      1.1       .0       .0
           23          .0       .0      6.0       .3      2.2       .0       .0       .0      9.5      2.3       .0       .0
           24          .0       .0       .0     29.9       .0       .1      1.7       .0     12.6       .2       .3       .0
           25          .0       .0       .0     16.4     13.6      2.6       .0       .0       .7      1.6       .0       .0
           26          .0       .3       .0      4.9     18.7       .0       .0       .0      3.6     13.2       .0       .0
           27          .0       .2       .4      4.3     24.5       .0       .0       .0      3.7      5.6       .0       .0
           28          .9       .3       .0      4.0      2.2      5.0      2.1       .0      1.6       .0       .0       .0
           29          .0              23.3      4.9      9.1       .3       .0       .0       .0     11.8       .0       .0
           30          .4                .0       .2     14.3       .0      3.6       .0       .0       .0       .0       .0
           31          .0                .2               5.9                .2      1.4                .0                .0

TOTAL                26.8     16.8    111.5    134.8    116.3     74.8     39.7     22.5     45.5     55.7     44.0     64.1
No DE DIAS LLUVIA      10       11       15       17       18       20       14       12       17       12       11        8
MAXIMA EN 24 Hrs     16.4      9.3     23.3     36.8     24.5     20.5     17.0      5.4     12.6     19.0     12.6     19.8