************************************************************************************************************************************
          DIA       ENERO *  FEBRE *  MARZO *  ABRIL *  MAYO  *  JUNIO *  JULIO *  AGOST *  SEPTI *  OCTUB *  NOVIE *  DICIE *
************************************************************************************************************************************

           01          .0       .0       .0       .1       .0       .9       .0      5.3       .0       .0       .1     14.2
           02          .0       .0       .0       .0       .0      1.2       .0     17.7       .0       .0      2.9       .9
           03          .0       .0       .0       .1       .3      1.3       .0       .9       .0       .0      1.5       .0
           04          .0       .0       .0       .0       .0       .6       .5       .0       .0       .2       .0     15.0
           05          .0       .0       .0       .0       .0       .0       .0       .0       .0      4.3      1.0     10.8
           06          .0       .0       .0       .0       .0      6.9       .3       .1     14.5      2.1       .2      5.3
           07          .0       .0       .0       .6       .0       .0      1.8      1.0      6.8       .8     10.0       .0
           08          .0       .0       .0       .0       .8       .0      5.4       .3      4.4       .5       .5     26.2
           09          .0       .0       .0       .3       .0       .0      5.1       .0       .2      1.8      3.4       .0
           10          .0       .5       .0       .4       .0       .0      7.2       .6       .0      1.6      1.1       .0
           11          .0       .0       .0       .0      1.1      1.0      2.9       .0       .0       .0      6.6       .0
           12          .0       .5       .0       .0     16.0      8.3       .2       .0       .0      4.7      2.9       .9
           13          .0       .0      6.6     20.3       .0       .9      1.8       .3       .0      8.3       .0      1.3
           14          .0       .0      1.1      7.7       .0       .0       .0      1.3       .2      9.9       .1       .0
           15          .0       .0      4.0     13.6       .0      8.4       .0       .0      1.9       .0      2.6       .0
           16          .0       .0     24.0       .0       .0       .1      1.8       .0       .0       .4       .0       .0
           17          .0      9.7      3.6       .0      1.5      7.4       .0      1.5       .8      1.6       .0       .0
           18         3.0       .0      6.4      3.1      3.4       .3       .0       .0       .0       .0      1.0       .0
           19          .0       .0       .3     36.0       .3      1.4       .0       .7       .0       .7      9.5       .0
           20          .0       .0     14.7       .0      1.3       .0       .6      7.8       .0       .3      3.5       .0
           21          .0      3.1      5.3     11.0     16.9      9.8      1.2     28.4       .0       .0      7.3       .0
           22          .0       .0       .0     12.7       .0      1.0       .7       .0       .0       .0       .0       .0
           23          .0       .6       .0     13.1      4.5       .0       .0       .0       .0       .0       .5       .0
           24          .0       .0       .0      3.2       .0       .0       .5       .4       .0       .0     30.2       .0
           25          .0       .8       .0      1.1       .0      4.9       .1       .1       .0      1.7     28.9      2.2
           26          .0      6.4       .4       .0       .0       .2       .2       .7      2.0      7.4       .0       .3
           27          .0      1.6      5.7      2.6       .0       .0       .0       .5      1.2       .5       .0       .3
           28          .0       .9      2.0       .0       .0       .2       .0       .0      6.3       .7       .1       .3
           29          .0                .0      1.8       .0      2.9       .0       .0       .0      1.7     10.5      1.1
           30          .0                .3       .3       .0      3.6       .5       .0      4.3      2.1     10.4       .0
           31          .0               1.0                .3                .3       .0               3.6                .0

TOTAL                 3.0     24.1     75.4    128.0     46.4     61.5     31.1     67.6     42.6     54.9    134.8     78.8
No DE DIAS LLUVIA       1        9       14       18       11       20       18       17       11       21       23       13
MAXIMA EN 24 Hrs      3.0      9.7     24.0     36.0     16.9      9.8      7.2     28.4     14.5      9.9     30.2     26.2