************************************************************************************************************************************
          DIA       ENERO *  FEBRE *  MARZO *  ABRIL *  MAYO  *  JUNIO *  JULIO *  AGOST *  SEPTI *  OCTUB *  NOVIE *  DICIE *
************************************************************************************************************************************

           01          .0       .0      1.8       .4      1.7      1.5      1.0       .0      2.6       .3       .0       .0
           02          .0       .0       .0     10.8      8.1      3.0       .0       .0       .0       .0       .0       .0
           03          .0       .0       .0      7.1     18.4      3.3       .1       .2       .0       .0       .0       .0
           04          .0       .0       .2       .0      1.0      2.8       .0       .0      6.5       .0      1.5       .0
           05         2.3       .0       .6       .0      6.2      3.1      2.1       .3       .0      4.8      6.2       .0
           06         8.0       .0       .0       .0       .0      8.1       .0       .0       .0     30.5     13.9      1.0
           07         4.0       .1       .0       .0       .3       .0      3.8       .3      4.7      1.8     23.2       .1
           08         1.5      5.1       .0      1.0      6.8      5.9      8.0       .7       .9     24.5       .0       .0
           09          .0       .0       .0       .3      4.4       .3       .0       .0     12.4       .0       .5     11.8
           10          .0     18.8       .0      5.3       .4       .2       .0       .3      2.0       .1       .3       .0
           11          .0       .0      6.8      9.9       .1       .0      4.5       .6      6.4      1.9      1.5       .0
           12          .0      5.8       .0       .0      1.7       .3      1.1       .2      1.6     13.3       .4       .1
           13          .0       .0       .0       .0       .2       .0       .0       .2      2.7       .3       .4       .5
           14          .0      4.3       .0     16.5       .0      6.1       .0       .4       .0       .0      1.8      6.7
           15          .0       .0       .0       .1      2.6      4.8      6.8       .5       .6       .0      6.5       .0
           16          .0       .0       .0      4.8      5.2       .3       .1       .0       .0      5.0      8.5       .0
           17          .0       .0      1.6      1.8       .3       .0       .6      2.1       .0      3.4      4.2      2.3
           18          .0      1.2       .0       .0      7.8       .0       .0       .0      2.1      8.2       .6       .0
           19          .0      7.4       .0       .0     19.7       .6      2.5       .0      1.2      2.4      1.8       .0
           20         6.2      3.0       .0      8.1      1.9      4.5      5.2       .8      9.7     12.6       .0      9.2
           21          .0      1.0       .0     38.0       .4       .0       .0       .4       .0       .7       .0       .0
           22          .0     15.8      4.7     19.3       .4       .2       .3       .0       .0      2.1       .0       .2
           23          .0     12.2       .3      8.7       .0      2.6       .1       .0       .0      5.4       .0       .0
           24          .0       .5       .0     50.4       .0       .6       .4      2.3       .0      7.8       .5       .0
           25          .0      2.6       .0       .7       .0       .0       .0       .0       .0     16.3     41.1       .0
           26          .0      2.6      8.9      1.8      6.2       .0       .2       .5       .0     11.1      1.0       .0
           27          .0     17.5     13.3     12.1       .9       .5       .0       .0      3.2      2.9       .0       .0
           28          .0       .3       .8       .0      4.1      1.8      7.1       .0       .0      2.2      4.7       .0
           29          .0       .5      1.8       .0      1.8       .6      2.1      5.3       .0       .0       .0       .0
           30          .0                .0       .6       .8       .0      5.2       .0      2.4       .0       .0       .0
           31          .0                .0                .0                .0      4.6              12.4                .0

TOTAL                22.0     98.7     40.8    197.7    101.4     51.1     51.2     19.7     59.0    170.0    118.6     31.9
No DE DIAS LLUVIA       5       17       11       20       25       21       19       17       15       23       19        9
MAXIMA EN 24 Hrs      8.0     18.8     13.3     50.4     19.7      8.1      8.0      5.3     12.4     30.5     41.1     11.8