************************************************************************************************************************************
          DIA       ENERO *  FEBRE *  MARZO *  ABRIL *  MAYO  *  JUNIO *  JULIO *  AGOST *  SEPTI *  OCTUB *  NOVIE *  DICIE *
************************************************************************************************************************************

           01          .0       .0       .0       .0       .5       .2       .0       .3       .0       .1       .3      1.5
           02          .0       .0       .0       .3     26.8       .0       .0       .0      6.0       .6       .0      1.5
           03          .0       .0      3.0      6.6      3.2       .0       .1       .1       .0       .0       .0       .0
           04         1.6       .0      4.0       .2      3.6       .3      1.1       .0       .0      1.6       .0     13.8
           05          .0       .2       .0       .6       .3      4.1       .8       .0       .4       .5      7.2      3.2
           06          .0       .4      2.9      4.5       .5      6.3       .3       .0       .1     16.0      3.8       .0
           07          .0       .4       .3       .1       .0       .0       .3       .1       .0       .0       .0      1.3
           08          .0       .3       .1      1.8       .0      2.4      2.6       .0       .0       .0     11.2     44.6
           09          .0       .4       .0       .3      2.1       .3       .0       .0       .0     13.2       .5       .0
           10          .4      1.2       .0       .2       .0       .0       .0       .0       .0      4.8      2.4       .0
           11          .0     14.5       .0      6.7      8.4      7.8       .5       .0      1.4       .0       .5       .0
           12          .0      8.1       .0      2.0       .0       .0      1.3       .0       .0      8.5      3.8       .0
           13          .0       .0       .0       .0      2.4       .0       .9      2.1      7.7       .0       .4      7.2
           14          .4       .0       .0     14.4       .0      7.7      6.3      7.8       .0      6.3       .0       .0
           15          .2       .0       .0       .0     26.9       .0       .4       .2       .5     10.7       .2     13.7
           16         1.1      2.1      3.4      1.0      7.5       .0      2.9       .8       .0      1.2       .0     10.4
           17          .3      1.5       .0      1.0      6.2       .0       .3       .0       .0       .0       .0       .5
           18          .0       .0       .3       .1      9.1       .0       .0     10.2       .0       .0      1.3      1.6
           19          .0       .0      1.1       .0       .1      4.3      1.2       .0       .0       .0       .0      9.2
           20         2.0      2.0       .1      1.1       .0       .3       .0       .2       .0       .0      4.4       .0
           21          .0       .0       .0       .2      5.2       .0      1.0       .0       .4     11.9      2.5       .0
           22          .0       .0       .0       .0     23.9       .0       .3      4.3      3.0      9.6      2.8      1.5
           23          .0       .0      6.1     33.4      9.9       .7       .0     19.4      2.0     16.0       .2       .0
           24          .0       .0      2.6       .4       .4       .0      1.1       .3     33.0      8.0       .0       .0
           25          .0       .0       .0     14.9      6.9       .0       .0      3.2      7.3      1.2       .0       .0
           26          .0       .0      3.8       .4     12.2       .4       .0      6.4      7.8       .1      5.7      1.1
           27          .0       .0       .0       .0       .9       .0       .0      4.5      6.4     18.4       .0       .0
           28         1.0      2.1      2.8      1.3       .0       .0       .0       .0     12.4      1.1       .0       .0
           29         2.4                .4      1.6       .0       .0       .0       .0      1.8       .5       .0       .1
           30          .0               1.7       .5       .5      1.8       .0      5.4      7.6       .0       .6       .0
           31         1.7               1.1               3.8                .0       .7               1.0                .0

TOTAL                11.1     33.2     33.7     93.6    161.3     36.6     21.4     66.0     97.8    131.3     47.8    111.2
No DE DIAS LLUVIA      10       12       16       24       23       13       17       17       16       21       17       15
MAXIMA EN 24 Hrs      2.4     14.5      6.1     33.4     26.9      7.8      6.3     19.4     33.0     18.4     11.2     44.6