************************************************************************************************************************************
          DIA       ENERO *  FEBRE *  MARZO *  ABRIL *  MAYO  *  JUNIO *  JULIO *  AGOST *  SEPTI *  OCTUB *  NOVIE *  DICIE *
************************************************************************************************************************************

           01          .0       .0       .0       .0      5.6      5.7       .0       .0       .0       .0       .0       .0
           02          .4       .0      4.8       .0      5.3       .2       .0       .0       .0       .0      1.2      1.0
           03        18.5       .0     24.7      7.7     12.6      4.8       .0       .3       .0      1.6      1.1       .3
           04          .3       .2      1.4     16.4     11.7      3.9       .0       .0       .0       .0       .3      4.2
           05          .3       .0       .0     15.0     17.3      3.9       .0       .0       .0       .3       .0       .0
           06         1.4       .0      3.9       .4     11.1     11.2       .0       .0       .5       .0       .0      4.0
           07        11.4       .5     11.1       .0      7.3     35.2       .4       .5      1.4       .6     31.6      1.3
           08         4.9       .3     11.9      3.2      2.3       .9       .0      2.8       .0       .0      4.7      2.3
           09         9.6       .0      1.7     38.7     15.1     11.5       .2       .0       .0       .3      2.2      5.3
           10         6.5       .0      5.7       .1      6.5     16.0       .0       .0       .0     22.6       .0      1.3
           11          .0       .0      1.9     11.2     34.4      2.5       .2       .5       .0     13.9      1.5      1.8
           12          .0       .0       .1      6.0       .1       .0       .0       .0      8.9     78.5       .3      3.1
           13          .0       .0       .3      1.5       .0      4.7      5.9       .0       .0      6.5      4.7       .0
           14          .0       .0       .6       .0       .0       .2       .0       .0       .0     14.8     14.6       .2
           15         2.0       .0      1.8       .0      2.2       .2       .0       .0       .0      4.6      3.6       .0
           16          .0       .0      6.0      2.5      3.3       .0       .7       .2       .0     10.3      3.1       .7
           17          .0       .0     42.5      7.5      3.4       .0       .5      1.4       .2      2.0      2.0       .0
           18          .0       .0     24.0       .1       .0      3.5       .3      1.8      5.7       .5       .3       .9
           19          .0       .0       .3       .0      2.7      7.4       .1       .0       .0       .0       .2      3.1
           20          .0       .0       .0       .0     44.7       .1       .1       .0       .0       .9       .0       .0
           21          .0     15.5       .0      1.2      2.7       .0       .9       .0       .0      9.5       .2       .0
           22          .0       .0      1.0       .9       .0       .0       .0      1.3       .0      5.9       .0       .3
           23          .0       .0      3.4       .0       .0       .0       .2       .2       .0      4.4       .0       .0
           24          .0       .0      6.0       .0       .3       .0       .0      1.0       .5       .0      5.6       .0
           25          .0       .0      8.3     19.1      1.3       .1       .0      1.4      6.8       .2      1.9       .0
           26          .3       .0      6.4      6.3       .7      3.4      6.4       .0       .0      3.8       .0       .4
           27         1.6     15.2      2.1       .0       .2       .0       .6      9.0       .0       .0     12.0       .0
           28          .9       .0       .3       .3      1.1       .0       .0       .0       .0      2.2       .0       .0
           29          .0                .0     10.0       .0       .0       .0      1.9      1.1       .3       .0       .0
           30          .0              44.7      5.6       .0       .0       .0       .0       .0     10.0       .0       .0
           31          .0                .0               3.0                .0       .4               1.9                .0

TOTAL                58.1     31.7    214.9    153.7    194.9    115.4     16.5     22.7     25.1    195.6     91.1     30.2
No DE DIAS LLUVIA      13        5       25       20       24       19       13       14        8       23       19       16
MAXIMA EN 24 Hrs     18.5     15.5     44.7     38.7     44.7     35.2      6.4      9.0      8.9     78.5     31.6      5.3