************************************************************************************************************************************
          DIA       ENERO *  FEBRE *  MARZO *  ABRIL *  MAYO  *  JUNIO *  JULIO *  AGOST *  SEPTI *  OCTUB *  NOVIE *  DICIE *
************************************************************************************************************************************

           01          .0       .0       .0       .3       .0      5.2       .3       .0       .8       .1      3.8      3.1
           02          .0       .0       .0       .0       .3     13.3       .0       .0      3.9       .0      5.4       .3
           03          .0       .0       .1      5.5      1.0      2.2       .0       .1       .0       .0      6.5     10.8
           04          .0       .0       .0       .3      2.0       .2       .0       .0       .2       .0      3.7       .3
           05          .2       .0       .0      6.2       .0      4.7       .0       .9       .0       .1     22.8       .9
           06         2.0       .0       .1     11.0      2.2      1.3       .0       .3      1.0       .0      4.0       .0
           07          .0       .0       .0      2.7      5.5       .0       .0      1.7       .0      7.4      2.6      2.8
           08          .0       .2       .0      5.8      7.7      7.7     10.6      5.5       .5      9.9      3.8      4.5
           09          .4      4.5       .0       .0      5.9       .2       .0       .2       .3      1.3      5.7     12.6
           10          .0       .3       .0      7.9      5.5       .0       .4      2.6       .0      7.7     14.6       .3
           11          .0       .0       .0      2.8       .0       .0       .0       .0      2.0     12.4       .2       .0
           12          .0       .0       .0       .2       .0       .0       .3       .0       .0       .3       .0      5.7
           13          .0       .0      4.5       .1       .0       .6       .0       .6       .4       .3     16.3       .3
           14          .0      1.6      2.8      2.7      3.0       .3       .0       .0       .0     10.5       .0       .0
           15          .0      3.1      8.5      2.0       .2       .0       .1      2.0      2.2       .0       .0     13.4
           16          .0       .0       .0      2.1       .1       .0      4.2       .4       .2       .0       .4       .0
           17          .0       .0       .0       .0       .0       .3       .0       .3       .0      2.7       .5     10.4
           18          .0       .0       .0      4.9      7.7       .0       .0       .0       .0     23.4       .0      7.2
           19          .0      1.1       .2      5.8       .9       .0       .0     14.4       .3     23.0       .0      4.8
           20          .0       .0       .0     19.7      5.3       .7       .0      3.5       .0       .2      3.2       .0
           21          .0       .0       .4     17.6     16.4      1.7      2.1       .0       .0     12.2      2.0      1.7
           22          .0       .0     11.7       .4       .0      3.1     29.0       .0       .0       .0       .3      1.2
           23          .1       .0     11.7      1.2       .0      7.1      6.9      2.0       .8       .7       .0       .7
           24          .0       .0       .4      8.2      1.8       .2       .0      2.8       .4       .0      8.0      1.8
           25          .0       .1      3.0       .3       .1       .1       .1      1.1       .1       .3       .0       .0
           26          .3       .0      2.5     35.5      2.5      2.3       .0     14.8       .0      5.4       .0       .0
           27          .1       .0      7.0       .0     21.3       .3       .4       .2      2.1      6.4       .0       .0
           28          .0       .0      8.8      7.1       .7       .3      1.7       .0       .3     32.3     13.3       .0
           29          .0                .2       .3      4.5       .4       .0      5.3       .0     36.5       .3       .0
           30          .0                .1       .0      4.4      2.0       .0       .2      2.5      3.5       .0       .1
           31         4.5                .0              26.4                .0       .0               4.0                .0

TOTAL                 7.6     10.9     62.0    150.6    125.4     54.2     56.1     58.9     18.0    200.6    117.4     82.9
No DE DIAS LLUVIA       7        7       16       25       23       22       12       20       17       23       20       20
MAXIMA EN 24 Hrs      4.5      4.5     11.7     35.5     26.4     13.3     29.0     14.8      3.9     36.5     22.8     13.4