************************************************************************************************************************************
          DIA       ENERO *  FEBRE *  MARZO *  ABRIL *  MAYO  *  JUNIO *  JULIO *  AGOST *  SEPTI *  OCTUB *  NOVIE *  DICIE *
************************************************************************************************************************************

           01          .0       .0       .0       .6     21.9       .0      2.0       .2      1.2      3.2      8.2      1.4
           02          .0       .0      1.0       .0       .0     12.4       .3       .4       .3       .0     20.1      3.6
           03          .0       .0      8.4       .0       .2      3.8       .3       .0      6.1       .5     13.4      3.8
           04          .0       .0       .4      4.4     24.4       .0       .0       .0      4.2     12.8     14.1      5.8
           05          .0       .0      3.5       .0     16.4       .3      4.4       .3       .0     25.5       .2       .0
           06          .0       .0       .0      1.6       .0       .3       .5      1.4       .0       .7      1.5       .8
           07          .1       .0       .0       .8       .8      1.0       .0       .0       .2      4.7      1.2      8.1
           08         2.1       .0       .0     14.7      6.8      5.6      2.8       .0       .1       .0       .0       .0
           09         2.3       .1      2.2       .4       .1       .0       .4       .0       .0       .0       .0       .0
           10          .3      2.8      1.3       .0       .0     12.6      7.5     13.0       .1      2.2       .0       .0
           11          .0       .0       .0      7.1       .1       .1       .0     13.2       .0      3.5      2.3       .0
           12          .0       .0     16.6      4.0       .0       .0      1.5      1.0       .0      3.0      3.5      7.5
           13          .0       .0       .1      6.2       .1       .0      8.9      3.5       .3      2.6      8.8      3.2
           14          .0       .0     25.7     12.4       .0       .0      2.3      3.1       .3       .2       .0      9.6
           15          .0     10.1       .0     13.6      4.5      6.2       .1       .6      1.7     16.4     11.0       .2
           16          .0      2.4       .0       .0      1.6      4.4       .9       .0      1.2       .4     17.1       .0
           17          .0     10.3       .0       .0      3.3     10.3      8.1     15.6       .0      2.4       .0       .0
           18          .0     24.1       .0       .0       .3       .2      8.7      4.9       .3       .0       .8       .0
           19          .0     11.6      6.2       .0       .0     13.8       .3      2.1     10.2       .0       .2       .1
           20          .8      4.4      7.0       .5     20.2      1.0       .0       .7       .0      7.8     11.6      6.2
           21          .0      8.2       .0       .2      9.4      7.5       .9      2.2      2.6       .0       .1       .9
           22          .0      4.8       .0       .0      6.5      7.3      2.9      8.7       .0       .0      2.2      7.0
           23          .0       .0       .0      7.1     24.1       .8       .0      5.9      6.0       .0       .0       .0
           24         2.1       .3       .0       .4     32.5     14.8       .0      4.1       .5       .1       .0       .0
           25        22.5       .5      5.0     31.0       .7       .4       .2       .4       .0     16.6      5.2       .0
           26          .3      1.0       .1      5.4     31.0     14.0       .0       .0      2.6     10.1      3.5       .0
           27          .0       .0       .0      1.1      3.3       .0       .6       .3      7.3     16.3       .7       .9
           28          .0      4.0       .0       .6      8.0      2.7       .3      2.6      1.2     10.3      2.2       .0
           29          .0       .0      4.8       .3       .0       .0       .3      3.5      1.4       .0      2.8       .0
           30          .0              11.0       .5      3.8       .0       .5       .0      1.0       .0      3.5       .0
           31          .0                .5               5.6               6.8      7.0               1.4                .9

TOTAL                30.5     84.6     93.8    112.9    225.6    119.5     61.5     94.7     48.8    140.7    134.2     60.0
No DE DIAS LLUVIA       8       14       16       21       24       21       24       23       21       21       23       16
MAXIMA EN 24 Hrs     22.5     24.1     25.7     31.0     32.5     14.8      8.9     15.6     10.2     25.5     20.1      9.6