************************************************************************************************************************************
          DIA       ENERO *  FEBRE *  MARZO *  ABRIL *  MAYO  *  JUNIO *  JULIO *  AGOST *  SEPTI *  OCTUB *  NOVIE *  DICIE *
************************************************************************************************************************************

           01          .0       .0       .0      7.2      2.7       .0      4.5       .0       .0       .0      4.6       .5
           02          .0       .0       .0       .2       .0       .0      1.6       .0       .9      3.4      2.3       .0
           03          .0       .0       .6       .0      8.9       .0      1.4       .0       .3      2.0       .7       .0
           04          .0       .0      6.2       .0       .6      3.3       .5       .3       .3       .5       .9       .0
           05          .1       .0       .0       .1       .0     22.2       .0       .3       .0       .0       .1       .1
           06          .0       .0      3.0       .0       .7       .1       .1       .2       .0       .0      3.8       .3
           07         1.2       .0       .0       .3       .9      6.0       .3      5.7       .0       .0      5.8       .0
           08          .0       .0       .0      3.7       .0       .0     22.1      4.7      3.5       .0      2.8     10.5
           09          .3      1.9       .6       .0       .3       .0      1.5       .0       .0       .0       .3       .0
           10          .0       .0       .0       .9       .3     12.7      2.3      1.3       .0      5.1       .4       .3
           11          .0       .2       .0      1.5       .0      1.6      1.2       .0       .5      4.4       .0       .4
           12          .3       .4       .3     10.6       .2      3.0      1.1       .5       .0      3.7       .6       .0
           13          .0     18.7      4.5      2.0       .0      3.0       .4      6.8      3.0     12.3       .0       .0
           14          .0     11.1     22.8       .3       .0      6.2       .8       .0      1.6      9.6      3.8       .0
           15          .0       .2       .3      3.6       .0       .0       .0       .4      7.3      6.3      6.3       .0
           16          .3      3.4      5.6       .3       .0       .0       .0       .0       .1       .2       .2       .3
           17        10.5      2.4      1.1       .2       .4       .0       .2       .0      4.0       .0     56.5       .6
           18          .0      4.5       .2       .0       .0       .0       .0       .6       .0      9.5       .0       .0
           19         2.5       .0       .4       .0       .0       .0       .0      2.6       .0     36.6       .0       .1
           20        25.0      5.4      3.6       .4       .0       .0       .0      2.6       .0      2.9       .0       .0
           21          .0       .0       .3       .3       .0       .0     10.1       .4       .0       .0       .0       .0
           22          .0       .0     11.2       .0       .0      2.3       .0       .0       .0       .0       .0       .4
           23          .8      3.2     24.5       .0       .2       .6       .0       .0       .0       .1       .0       .0
           24          .7       .2     30.6       .0       .0       .5      2.2       .3       .0     19.6       .0      1.8
           25          .0     14.4      6.6       .0       .0       .7       .0       .0       .0       .0       .0     34.3
           26         1.1     24.2      3.1       .0       .0       .0       .0       .0       .0       .0       .0      8.5
           27          .1      1.2      3.8       .4       .0       .3       .0       .2       .0       .0       .0       .2
           28          .0       .0       .3       .0       .2       .3       .1       .0       .0       .0       .0       .1
           29          .0               1.0      1.9       .3       .5       .3       .6       .0      1.0      6.0       .0
           30         2.3               8.2     21.3       .0       .8      2.5       .9       .0       .0       .0       .0
           31         6.2               4.0                .0                .0       .0              11.9                .0

TOTAL                51.4     91.4    142.8     55.2     15.7     64.1     53.2     28.4     21.5    129.1     95.1     58.4
No DE DIAS LLUVIA      14       15       24       18       12       17       19       17       10       17       16       15
MAXIMA EN 24 Hrs     25.0     24.2     30.6     21.3      8.9     22.2     22.1      6.8      7.3     36.6     56.5     34.3