************************************************************************************************************************************
          DIA       ENERO *  FEBRE *  MARZO *  ABRIL *  MAYO  *  JUNIO *  JULIO *  AGOST *  SEPTI *  OCTUB *  NOVIE *  DICIE *
************************************************************************************************************************************

           01          .0       .0       .0      2.5       .6       .0     11.5      5.6     16.5       .5       .2     12.6
           02          .0       .0       .0      2.8     11.0      7.2       .1       .2      1.1     13.1       .2     16.7
           03          .0       .0       .0       .3     24.5      1.9       .8      5.6       .3       .8       .0      6.0
           04          .0       .0       .0       .0      8.8       .1      1.2       .0       .0     20.3       .0     34.0
           05          .0       .0       .4      1.4      5.7      2.8      8.8       .0       .0       .4       .3       .0
           06          .0       .0       .5     25.6       .0       .5       .9       .0       .3      3.3      4.7       .5
           07          .0       .0       .0       .0       .3       .0     10.6      1.1      6.9       .0     11.9       .0
           08          .0       .4       .1     15.0       .3      2.2     17.0      2.4      3.5      1.0       .9      6.6
           09          .0      3.9       .0      5.3       .0       .3       .3       .0       .0      5.0     32.6       .0
           10          .7       .4      2.4      7.9       .9       .2      2.0       .0       .0       .3      3.7      5.5
           11          .0       .0       .0     17.7       .0       .1      1.8       .0       .7       .0       .1       .4
           12          .0       .0       .3      7.0       .0       .0      7.2       .2       .0       .3      2.0      3.3
           13          .0      7.6       .0     28.0       .0       .6      5.9      7.4       .0       .1      6.5      2.8
           14          .0       .0       .0       .3       .0      5.4       .4      5.7       .0       .0      4.4       .0
           15          .0       .0       .0      2.5       .9      7.6     12.3       .3       .2       .0      5.7      7.6
           16          .0      2.7       .0       .2       .5      3.6     10.0       .0       .3       .1     26.7      9.5
           17          .0       .0       .3     11.9     19.1       .0      2.6       .5       .0       .0      7.2      2.2
           18          .0       .0      1.0      7.2       .0      5.1       .4       .4       .0     21.5      7.4     10.7
           19          .0      1.3       .0      4.4      5.8     11.4       .0       .9      4.7       .2     11.0       .0
           20          .0       .3       .0       .3      6.0     24.6      2.6       .0      2.8       .2      3.5      1.4
           21          .0      2.1       .0     14.8      1.4      4.8       .0       .0      3.4      5.0       .0       .0
           22          .0      4.5      8.4       .0     22.7       .0       .3       .0      2.8      1.0     12.8       .9
           23          .0       .3       .0      6.0      3.4       .0       .0       .2       .2      4.3      1.5      5.0
           24         1.0      3.2       .0      1.0     18.1       .5       .0      2.2      1.8       .4     13.4       .0
           25          .0      8.4       .0     18.6     11.0       .3      5.5     13.8      6.2     18.1      5.5      6.0
           26          .0       .3       .2      1.8      5.6       .0      5.4       .0       .2      7.5     11.5      2.9
           27         4.6      1.2       .2      3.4      1.1       .0      4.0      4.3     19.5      8.1      4.2       .0
           28          .0       .0       .0       .3       .2     26.7       .0       .6       .5     11.2     11.7       .0
           29          .0                .0      1.0       .3      1.5      2.7       .4      3.8       .0      1.0       .0
           30          .0               8.7       .1      8.1       .4       .0       .0       .7     10.0      6.0       .0
           31          .0                .7               4.0              22.4       .0                .3                .0

TOTAL                 6.3     36.6     23.2    187.3    160.3    107.8    136.7     51.8     76.4    133.0    196.6    134.6
No DE DIAS LLUVIA       3       14       12       27       24       22       25       18       21       25       27       19
MAXIMA EN 24 Hrs      4.6      8.4      8.7     28.0     24.5     26.7     22.4     13.8     19.5     21.5     32.6     34.0