************************************************************************************************************************************
          DIA       ENERO *  FEBRE *  MARZO *  ABRIL *  MAYO  *  JUNIO *  JULIO *  AGOST *  SEPTI *  OCTUB *  NOVIE *  DICIE *
************************************************************************************************************************************

           01          .0       .0      5.5      7.5      7.4      6.1       .0       .5       .0       .0       .0      8.4
           02          .4       .0      6.3       .0      1.1     11.8       .0      4.3       .0      2.1       .0      4.2
           03        21.0       .0      3.7      6.1      5.4      6.0       .0      4.4      2.1      4.1       .0       .0
           04         2.0       .0     19.8     24.4      1.0     14.5       .3       .0       .0     29.1       .4      5.6
           05          .0      5.7      2.5      1.9      3.7       .0       .0       .0       .0       .6     13.5     22.3
           06          .0       .0       .5       .5       .7     18.8       .9       .0       .0      2.7       .0      7.6
           07        13.2      4.4       .0     19.1       .3      1.0       .0       .0      1.8       .0      6.5     18.1
           08         1.3      9.9      2.5     21.5       .0       .0       .0       .0      8.6       .0     13.7       .0
           09         4.0      9.5     13.0     14.0       .0       .0       .0       .0       .0       .0     19.2       .0
           10          .0       .4       .5      1.9     19.8       .4      1.3       .0     22.6     21.5     31.1      3.4
           11          .0     17.4       .0     21.7      5.3       .0       .1      1.9      2.3     11.7      6.2      1.1
           12          .0      2.3       .0     16.0     32.8       .9      2.7      1.6       .0      5.4       .0      1.4
           13          .0       .5      3.4       .3     15.3      2.0      3.8      3.2       .2       .0      5.0      1.7
           14          .0       .8       .5      8.4       .8       .0     13.0       .3       .0     16.8     22.7     27.5
           15          .0       .0      4.7      5.9       .6       .0      8.9      5.3       .0       .9      5.0     13.0
           16         6.4     16.7       .3      6.6       .6       .5       .0       .3       .4      3.3     21.2       .4
           17         2.8       .0       .0       .9       .2       .1       .5       .1      2.4      8.8     10.9      7.5
           18          .0       .0      2.1     18.5       .8       .0       .0     11.6     27.6       .5     10.7       .1
           19          .0       .0      5.9      5.5      3.4       .0       .2      2.9       .0     16.7      4.9       .0
           20          .0       .0      8.2       .2       .0     16.5       .4      5.9       .0      2.7     10.0       .0
           21          .0       .0     25.7       .0       .8       .0       .0       .2       .9       .3      2.8       .0
           22          .0       .1     11.8     12.1     11.8       .0       .1      1.6       .1       .4      1.5       .0
           23          .0       .0       .4       .5       .0      1.2       .0      4.3      7.8      9.6      4.9       .0
           24          .0      1.8       .0      1.1      2.9     24.4       .0       .0     18.7     16.8      1.1       .0
           25          .0      2.3       .8      6.0     14.0      2.9       .3       .0      2.7       .4      4.7       .0
           26          .2      9.8       .0       .0     15.5      3.2       .1       .0       .0       .0     20.6       .0
           27          .0       .4       .0      7.6       .4       .3       .0       .4       .0       .8     12.3       .0
           28          .0      6.0       .0      1.0      6.3       .0       .0     11.2       .0      3.7      9.0       .0
           29          .0                .0       .0      6.1       .1      6.2       .0       .0       .0       .6       .0
           30          .0                .0     33.6      3.6      2.8     23.3       .2     23.5      6.7      1.3       .0
           31          .8                .0                .7               5.1       .0                .0                .0

TOTAL                52.1     88.0    118.1    242.8    161.3    113.5     67.2     60.2    121.7    165.6    239.8    122.3
No DE DIAS LLUVIA      10       16       20       26       27       19       17       19       15       23       25       15
MAXIMA EN 24 Hrs     21.0     17.4     25.7     33.6     32.8     24.4     23.3     11.6     27.6     29.1     31.1     27.5