************************************************************************************************************************************
          DIA       ENERO *  FEBRE *  MARZO *  ABRIL *  MAYO  *  JUNIO *  JULIO *  AGOST *  SEPTI *  OCTUB *  NOVIE *  DICIE *
************************************************************************************************************************************

           01          .0       .1       .0       .0      1.5      4.7       .0       .3       .0       .0       .0       .0
           02          .0       .0       .0       .0      3.4       .0       .0       .0       .0       .0      3.6       .0
           03          .0       .0       .7       .0       .0       .0       .0     12.3      1.0      4.4      1.2       .0
           04          .0       .0       .1       .0      2.6       .0       .6      6.6      3.6       .0       .0       .5
           05         1.5      5.7       .0       .0      1.6       .0       .5       .2       .0       .5      3.5      1.3
           06         1.7      4.0       .0      6.0       .0       .0       .0       .5       .0     10.8       .0      1.8
           07         2.7       .7       .0      3.4      3.2       .2       .0      2.1       .0       .0       .3       .0
           08         2.6       .0       .0      8.6      2.2       .1       .0       .4       .1       .0       .0       .0
           09          .0       .4       .0      1.5       .8       .4       .0       .5       .0       .0       .0       .0
           10          .0       .3      8.9     56.8       .0       .2      2.9       .0      1.3       .2     18.8       .0
           11          .0       .4      6.5     31.5       .0      3.8       .4      2.7       .0     15.8       .0       .0
           12          .0      4.1       .9      7.0       .0       .4      9.5       .7       .3     46.4       .0      6.8
           13          .0      2.9      1.0       .6     65.5       .4     10.3      2.2       .0       .0       .0      3.5
           14          .0     11.5       .0     27.4       .0       .0     10.3       .0       .0       .0     11.8       .0
           15          .0       .3       .0      4.0       .0      6.9      3.5       .0       .3      3.1       .0       .0
           16         4.3       .0      6.1      8.7       .0      2.9       .0       .1       .0       .2       .6       .0
           17          .0       .0     22.7       .2       .0      8.6       .0      4.4       .0     15.9      8.2       .0
           18          .0      5.1     20.1       .0      2.9       .0       .1       .0       .0      9.1       .3     10.7
           19         1.1      1.2       .1       .1      1.3       .0       .0       .0       .0      1.0       .0       .0
           20        16.3       .0      4.5     39.3       .8      1.5       .0      3.2      7.2      1.0       .0      1.2
           21        10.0      1.2     16.4      8.4       .7       .0       .4       .0       .8     21.8       .3       .0
           22         4.5       .0      3.3      2.8       .0       .0       .0       .4       .0       .2       .0      3.5
           23         2.5       .0       .0      3.4       .4       .5      1.0       .0       .0       .0      2.3      1.8
           24          .5       .0      4.0       .0       .0      5.1       .3      6.1      9.7       .0       .0       .0
           25          .0       .0       .4       .0       .3      1.4       .0       .5       .0       .0       .4      3.6
           26          .0      4.8     19.8      1.9       .3      1.9       .7      5.5       .0       .0       .1       .0
           27         6.0      1.6     23.7      1.5       .0       .0       .2       .3       .0       .0       .3       .0
           28          .2      2.4       .1      2.6       .9       .0       .5       .0       .0       .0      1.6       .0
           29         5.3     20.8       .3      3.9       .0       .0      2.0       .5       .0       .0      2.8       .0
           30         3.9               1.3     16.3       .9       .0      1.9       .0       .0       .0       .1       .0
           31          .0                .0                .0               3.4       .7                .6                .0

TOTAL                63.1     67.5    140.9    235.9     89.3     39.0     48.5     50.2     24.3    131.0     56.2     34.7
No DE DIAS LLUVIA      15       18       20       22       17       16       18       21        9       15       17       10
MAXIMA EN 24 Hrs     16.3     20.8     23.7     56.8     65.5      8.6     10.3     12.3      9.7     46.4     18.8     10.7