************************************************************************************************************************************
          DIA       ENERO *  FEBRE *  MARZO *  ABRIL *  MAYO  *  JUNIO *  JULIO *  AGOST *  SEPTI *  OCTUB *  NOVIE *  DICIE *
************************************************************************************************************************************

           01          .0       .0       .0       .0      5.4      4.1      7.7       .3       .2     23.7       .0     46.0
           02          .0       .0       .0       .0       .0       .0       .4       .0       .9       .0       .0       .0
           03          .0       .1       .0       .4      3.9       .3       .0       .9       .4      4.2      1.1       .8
           04          .0     44.1      1.2       .0      1.1       .0       .0       .7      3.6       .2     15.0       .0
           05          .0      9.5       .0      3.6       .0       .0       .0       .2      6.1       .0       .2       .0
           06          .0       .0       .0       .8      2.3       .3       .0       .0       .0       .0     11.4       .0
           07          .0      1.8       .0       .0      6.3       .6       .0       .1      1.1       .5      6.3       .7
           08          .0     17.3       .0       .0      1.1       .0      1.1       .3       .0       .0       .0       .8
           09          .0       .4       .0       .0      1.9       .0       .7      5.5       .4       .0     12.0       .0
           10          .0     31.8       .0       .1       .0       .0      3.7      1.8       .0      5.9      7.8       .0
           11          .0     12.7       .0      2.1      4.4      2.9      2.7      7.0       .0       .7       .0       .0
           12          .0       .0       .2       .0       .0       .4       .0       .0     16.5      3.3      1.6       .0
           13          .0      6.0       .0       .8       .1      2.3       .0     23.7      2.8       .2       .0       .0
           14          .2       .1      3.3       .1       .3       .0      4.6       .0       .0       .0       .5       .0
           15          .0       .0      4.5      3.6      2.6       .9       .6      2.3       .0       .5       .0       .0
           16          .0       .0      3.4       .0      9.8       .0       .4       .0       .0      6.7       .0       .0
           17         2.3      2.0       .8       .0      4.4       .0       .0       .2      1.5       .0       .0       .1
           18          .0       .1       .3     25.0       .5       .0       .0     11.7       .2       .5       .0     11.5
           19          .0       .0     10.9     25.5       .8       .0       .0      8.2       .2       .0       .0       .0
           20          .0      1.8       .0     27.3      6.1       .0      5.5      1.3       .0       .0     22.4       .0
           21          .0       .0     21.5      5.9     25.7       .0      1.1       .0       .0       .3       .0       .0
           22          .0       .0     11.8       .1     16.8       .0      1.8       .0       .0      2.8       .1     19.0
           23          .0       .5       .0      1.6      8.0       .3       .0       .0       .0      2.6     17.5     17.2
           24          .0       .0       .0       .0       .1      2.1       .0       .0       .0       .0     14.4       .6
           25        18.5       .0       .0      3.1       .4      9.6      1.4      3.4       .0       .0     38.6       .0
           26          .0       .0      2.7      8.1       .7       .0       .0       .0      4.4       .0       .0       .2
           27          .0       .0       .0       .0       .7       .0       .1       .0       .0       .0      2.4       .0
           28          .0       .8       .8      3.1      1.4       .0      1.8       .2      7.2     11.9       .0       .0
           29          .0                .0      4.4      1.3      2.0       .0       .0       .0       .1     10.3       .0
           30          .0                .0     17.1      4.0      1.1      4.1      1.0       .0       .8     21.3       .0
           31          .9                .0               2.3                .3       .0                .0                .0

TOTAL                21.9    129.0     61.4    132.7    112.4     26.9     38.0     68.8     45.5     64.9    182.9     96.9
No DE DIAS LLUVIA       4       15       12       19       27       13       17       18       14       17       17       10
MAXIMA EN 24 Hrs     18.5     44.1     21.5     27.3     25.7      9.6      7.7     23.7     16.5     23.7     38.6     46.0