************************************************************************************************************************************
          DIA       ENERO *  FEBRE *  MARZO *  ABRIL *  MAYO  *  JUNIO *  JULIO *  AGOST *  SEPTI *  OCTUB *  NOVIE *  DICIE *
************************************************************************************************************************************

           01          .0       .0      3.1       .1       .9       .1       .0       .0       .3       .4       .3       .0
           02          .0       .0       .7       .0       .0       .0       .0       .0     10.9       .0       .0       .0
           03          .0       .0      5.1       .4       .0       .0       .7       .0       .0      7.8       .2      3.4
           04          .0       .0       .2      2.8       .0       .0       .0       .4       .6       .0       .0       .4
           05         1.3       .0     10.3       .0      1.2       .1       .8      1.2      1.1       .3       .4      1.8
           06         1.0       .0       .0      1.0      7.7      6.1      2.9       .0       .0       .0       .2       .3
           07        11.9      1.4     11.8       .0      2.0      1.3       .0     13.3       .0     11.8      4.2       .4
           08        39.4       .0       .0       .3     18.3      1.6      1.7      5.1       .0      1.4      1.0     13.5
           09          .0     15.3       .4       .0      1.2       .1       .0       .1       .0      2.7     36.8     24.2
           10          .0       .0       .0       .0      4.4       .0       .8       .0       .5       .1       .0      3.2
           11          .0       .0       .0       .0     31.8       .0       .5       .0      1.7      6.2       .0       .4
           12          .0      1.7     18.5       .0     15.4       .0      8.9       .3      3.0       .0       .0     15.0
           13          .0      6.0     13.8       .0       .0      2.8       .4       .0       .1       .1       .6       .3
           14          .0      1.0      1.4      3.6       .0      1.4      3.4       .0       .0       .3      3.9       .5
           15          .0      1.1     13.2      2.5     11.7       .0       .1       .1       .7      3.0       .8       .0
           16          .0      2.0       .0     16.5       .5       .1       .0       .2       .7       .0       .0       .0
           17          .0       .0       .0      7.8       .8       .1       .1       .0       .3     20.1      1.9     10.4
           18          .3      1.1       .5      4.4       .1       .3       .0       .0     15.6      3.0      5.8     10.4
           19          .0      2.2       .0      3.2       .0       .0       .0       .0      4.7       .0      2.5      1.8
           20          .0     18.7       .0       .0       .0       .0       .2       .0     14.0       .5       .6       .8
           21          .0      4.3       .0      3.2     10.8      4.8       .3       .1       .0     12.5      1.8       .0
           22        19.5      2.1       .0     17.6      7.0      3.6       .1      2.5       .0       .0       .0       .0
           23          .0      2.9       .0      8.8     13.4      1.6       .6       .5       .0      8.1       .0       .0
           24         1.3       .1      4.1      1.8       .0      2.1       .2      2.5     12.4      9.2       .0       .0
           25          .0       .4       .3       .0       .0      4.6       .0      1.9       .0      8.5       .3       .0
           26          .0       .0       .0       .3       .6       .2       .1       .8       .0       .0      5.3       .0
           27          .0      2.2       .0      2.9      2.3       .1       .0       .0       .0     10.3       .0       .0
           28          .8     15.2       .0      5.2       .3      7.5       .0       .0       .0       .0       .0       .0
           29          .0                .0       .6       .1       .0       .0       .0       .0       .2       .0       .0
           30          .1                .0       .4      2.3      2.9       .0       .1       .3      1.2       .0       .0
           31          .0                .0                .1                .0       .0                .8                .0

TOTAL                75.6     77.7     83.4     83.4    132.9     41.4     21.8     29.1     66.9    108.5     66.6     86.8
No DE DIAS LLUVIA       9       17       14       20       22       20       17       15       16       22       17       16
MAXIMA EN 24 Hrs     39.4     18.7     18.5     17.6     31.8      7.5      8.9     13.3     15.6     20.1     36.8     24.2