************************************************************************************************************************************
          DIA       ENERO *  FEBRE *  MARZO *  ABRIL *  MAYO  *  JUNIO *  JULIO *  AGOST *  SEPTI *  OCTUB *  NOVIE *  DICIE *
************************************************************************************************************************************

           01          .0       .3      3.1       .0       .0       .1       .1       .2       .0      2.6      3.3       .0
           02          .0       .1       .0      1.2       .0       .0       .0       .0       .5      2.4       .1       .2
           03          .0       .0       .3      6.0      2.2       .3       .3       .6       .0       .1       .4       .2
           04          .0       .0       .0      5.5      1.8       .1      1.8       .0       .0       .0      4.4       .0
           05          .0       .0       .0       .0       .0      1.6       .1       .0     14.1       .0      4.5       .0
           06          .0      2.5       .0       .0       .0       .8       .1       .0      1.3       .0     13.1       .0
           07          .0      8.5       .0       .0       .0       .3       .0       .5       .2       .3     20.7       .0
           08          .0      3.0       .0       .0       .0       .1       .2       .0       .2       .4       .0       .0
           09          .0       .0       .0       .0       .0       .5       .1       .0       .1       .0       .2       .0
           10          .0       .3       .0       .0       .0       .1      1.0      2.7      2.6       .1       .4       .0
           11          .0       .0       .0       .1       .0      1.2       .1       .0       .0       .1       .0       .0
           12          .0       .0      2.9       .3       .0      2.0       .2       .0       .0       .3       .0       .0
           13          .0       .0       .0      3.0       .5       .5       .4       .4       .0      4.0       .0       .0
           14          .0       .0      4.4     15.0       .0       .5      5.0      3.4       .0      6.0       .0       .0
           15         3.8       .0     17.6      1.1      4.4      2.4       .3      4.5       .0      2.7       .0       .0
           16         9.3       .0      9.1     22.8      2.5       .0      3.6      1.4       .0       .0       .0       .0
           17         3.8       .3     21.2     15.0      5.6       .1       .5      2.8       .0       .1       .0       .0
           18          .4       .0      1.0     46.5       .0      1.3      2.0       .4       .6       .0       .0      1.8
           19          .0       .0      7.8      2.9       .1       .0      3.0       .9      5.6       .0      6.0       .0
           20          .4       .0      5.9      5.9       .1       .0      2.2       .0       .0       .0     41.8       .0
           21         1.4       .0       .0       .1       .0      9.0      6.2       .5       .0       .0      2.5       .0
           22         4.7       .0       .2       .0       .0       .6       .8       .4       .0       .0       .0       .0
           23          .0       .0       .0       .0       .0       .3       .0      4.9       .9       .3       .1       .0
           24          .0       .2       .0       .0       .2       .1      1.1      2.2       .0      2.4      3.3       .0
           25          .0       .0      9.7       .6       .4       .3       .0       .7       .0       .0       .0       .0
           26         8.3       .0      4.3       .7       .0       .0       .5       .3       .0       .0       .0       .0
           27          .0       .0       .0      1.7       .1       .1       .1       .8       .0      3.2       .0       .0
           28          .0       .0      1.8       .0      1.1       .1       .1       .0       .0       .0       .5       .0
           29         2.6               5.2       .0      2.4       .2      1.1       .1       .5       .0       .0       .0
           30         1.2              29.1       .0       .0       .0       .3       .0       .2       .0       .0       .0
           31          .3                .0                .1                .0       .0              10.3                .0

TOTAL                36.2     15.2    123.6    128.4     21.5     22.6     31.2     27.7     26.8     35.3    101.3      2.2
No DE DIAS LLUVIA      11        8       16       17       14       24       26       19       12       16       15        3
MAXIMA EN 24 Hrs      9.3      8.5     29.1     46.5      5.6      9.0      6.2      4.9     14.1     10.3     41.8      1.8