1949 -0.8  0.1 -0.1  0.7  0.3 -0.8 -0.7 -0.5 -1.3 -0.8 -1.7 -1.4
1950 -1.3 -1.4 -0.1 -0.8 -0.9 -0.8 -0.2 -0.2 -0.4 -0.4 -1.2 -0.7
1951 -0.2  0.1  0.0  0.2  0.3  0.6  1.5  1.3  0.8  1.1  1.2  0.8
1952  0.5  0.5  0.2  0.5 -0.1 -0.6 -0.3 -0.1 -0.2 -0.1 -0.2 -0.5
1953  0.1  0.4  0.4  1.2  0.6  0.5  0.6  0.2  0.9  0.1  0.4  0.3
1954  0.1  0.0  0.0 -1.8 -0.9 -1.4 -0.7 -1.2 -1.1 -0.8 -0.8 -1.4
1955 -0.6 -0.5 -0.6 -0.6 -1.3 -1.0 -0.9 -0.5 -2.1 -1.5 -2.1 -1.0
1956 -1.4 -0.4 -0.4 -0.4 -0.6 -0.3 -0.5 -0.6 -0.8 -0.7 -0.8 -0.9
1957 -0.7 -0.1  0.4  0.7  0.8  1.1  1.3  1.5  0.5  0.8  1.2  1.4
1958  1.4  1.0  0.6  0.5  0.4  0.3  0.3  0.4 -0.2 -0.3  0.2 -0.2
1959  0.0 -0.1  0.0  0.3  0.0 -0.2 -0.3 -0.3 -0.4  0.0 -0.1 -0.1
1960  0.0 -0.3  0.1  0.2 -0.1 -0.3  0.0  0.1 -0.1 -0.6 -0.4 -0.5
1961 -0.3  0.1  0.0  0.2  0.0  0.4 -0.5 -0.5 -1.2 -0.8 -0.4 -0.3
1962 -0.2  0.0 -0.4 -0.5 -0.4 -0.3 -0.3 -0.2 -0.6 -0.4 -0.7 -1.0
1963 -0.5 -0.4  0.0  0.3  0.3  0.5  1.1  0.9  0.5  0.7  1.0  0.9
1964  0.5  0.1 -0.1 -0.7 -1.2 -1.2 -0.5 -1.1 -0.9 -0.8 -1.1 -1.3
1965 -0.8 -0.2 -0.1  0.5  0.8  1.0  1.1  1.2  1.2  1.2  1.4  1.5
1966  1.1  0.6  0.1  0.1 -0.7  0.0  0.2  0.0 -0.7 -0.2 -0.5 -0.8
1967 -0.4  0.0 -0.7 -0.5  0.0  0.3 -0.2 -0.5 -1.2 -0.9 -0.8 -0.9
1968 -1.0 -1.3 -1.1 -0.4 -0.7  0.1  0.6  0.3  0.2  0.3  0.5  0.7
1969  0.8  0.4  0.7  0.5  1.1  0.6  0.3  0.6  0.8  0.8  0.9  1.0
1970  1.0  0.3  0.1  0.3 -0.7 -1.1 -2.0 -1.3 -1.4 -1.0 -1.5 -1.8
1971 -1.3 -1.5 -1.1 -0.5 -0.6 -0.6 -0.4 -0.6 -0.9 -1.0 -0.7 -1.2
1972 -0.6 -0.1  0.1  0.5  0.7  0.9  1.5  2.1  1.5  1.9  2.4  2.3
1973  1.8  1.0  0.3 -0.5 -0.4 -0.7 -1.2 -1.1 -1.4 -1.3 -1.7 -1.7
1974 -1.8 -1.2 -0.7 -0.2 -0.2  0.2 -0.2  0.0 -0.3 -0.7 -0.6 -0.7
1975 -0.4 -0.6 -0.5 -0.1 -0.8 -1.2 -0.6 -0.7 -1.1 -1.5 -1.2 -1.8
1976 -1.7 -1.1 -0.5 -0.2  0.0  0.7  1.0  0.9  1.1  0.9  1.1  0.8
1977  0.9  0.6  0.5 -0.4  0.1  0.3  0.3 -0.4 -0.1  0.2  0.5  0.4
1978  0.4  0.2  0.0 -0.5 -0.6 -0.6 -0.6 -0.7 -0.6 -0.4  0.0  0.2
1979 -0.1  0.2  0.3  0.3  0.4  0.4 -0.1  0.2  1.0  0.4  0.3  0.4
1980 -0.3  0.3 -0.1  0.1  0.3  0.5  0.2 -0.2 -0.2 -0.1  0.3  0.4
1981 -0.6 -0.8 -0.2 -0.4  0.2  0.1 -0.3 -0.6 -0.1  0.2 -0.5  0.3
1982  0.4  0.3  0.2  0.3  0.9  0.9  0.7  1.1  1.6  2.3  2.5  3.3
1983  3.2  2.4  1.8  1.7  2.1  2.2  1.0  1.0  0.8 -0.3 -0.6 -0.6
1984 -0.5  0.4 -0.1  0.1 -0.4 -1.0 -0.5  0.0  0.0 -0.6 -0.7 -0.8
1985 -0.9 -0.4 -0.3 -0.6 -0.7 -0.8 -0.3 -0.6 -0.2 -0.7 -0.4 -0.4
1986 -0.6 -0.2  0.0  0.2 -0.1  0.1  0.5  0.2  0.8  0.7  1.1  1.0
1987  0.9  1.1  1.3  1.2  1.4  1.1  1.2  1.4  1.7  1.3  1.3  1.2
1988  0.6  0.0  0.5 -0.3 -0.9 -1.9 -1.5 -1.2 -0.9 -1.6 -1.5 -1.6
1989 -1.2 -0.8 -0.6 -0.6 -0.2 -0.2  0.1 -0.3 -0.1 -0.3 -0.3 -0.3
1990 -0.3  0.3  0.0  0.4  0.6  0.4  0.2  0.4  0.2  0.1  0.1  0.2
1991  0.2  0.2  0.1  0.3  0.8  1.2  1.3  0.8  0.4  0.8  1.2  1.2
1992  1.4  1.4  1.1  1.4  1.7  0.8  0.4  0.0 -0.1  0.0  0.1  0.1
1993  0.1  0.4  0.5  1.0  1.4  0.9  0.6  0.3  0.2  0.4  0.6  0.4
1994  0.3 -0.1  0.0 -0.1  0.2  0.2 -0.1  0.0  0.0  0.7  1.0  1.1
1995  0.8  0.6  0.0 -0.2 -0.4 -0.1  0.1 -0.3 -0.6 -0.7 -0.7 -0.7
1996 -0.4 -0.5 -0.2 -0.4 -0.4 -0.4 -0.1 -0.3 -0.3 -0.3 -0.3 -0.8
1997 -0.7 -0.3  0.1  0.4  1.3  2.0  2.6  3.1  2.9  3.3  3.6  3.4
1998  3.0  2.6  2.1  1.8  1.7  0.0  0.1 -0.1 -0.7 -0.8 -0.5 -1.1
1999 -1.2 -0.7 -0.1 -0.4 -0.2 -0.6 -0.4 -0.6 -0.8 -1.0 -1.4 -1.5
2000 -1.6 -0.9 -0.3  0.2 -0.1 -0.4 -0.2 -0.1 -0.2 -0.3 -0.5 -0.5
2001 -0.3 -0.2  0.4  0.2  0.2  0.2  0.1  0.1 -0.4 -0.4 -0.4 -0.4
2002 -0.4  0.1  0.3  0.4  0.6  0.9  0.7  0.7  0.9  1.1  1.5  1.4
2003  0.8  0.6  0.1  0.0 -0.6 -0.2  0.4  0.3  0.2  0.6  0.6  0.6
2004  0.6  0.3  0.3  0.2  0.0  0.1  0.2  0.4  0.3  0.5  0.9  0.7
2005  0.4 -0.1  0.1  0.5  0.6  0.5  0.6  0.5 -0.2 -0.1 -0.6 -0.9
2006 -0.6 -0.2 -0.5  0.1  0.5  0.4  0.6  0.9  1.2  1.3  1.5  1.5
2007  1.1  0.2 -0.2 -0.2 -0.2 -0.2 -0.3 -0.6 -0.9 -1.1 -1.1 -1.3
2008 -1.2 -1.2 -0.4  0.0  0.4  0.4  0.9  1.0  0.5  0.2  0.3 -0.3
2009 -0.3 -0.4 -0.4  0.3  0.9  1.1  1.4  1.3  1.1  1.1  1.7  1.7
2010  1.3  1.0  0.9  1.0  0.5 -0.3 -0.4 -0.5 -0.9 -1.2 -1.1 -1.2
2011 -1.2 -0.6 -0.5  0.1  0.4  0.5  0.5  0.1 -0.3 -0.5 -0.7 -0.6
2012 -0.3  0.0  0.0  0.4  0.6  0.9  1.3  1.2  0.6  0.3  0.6  0.1
2013 -0.3 -0.3  0.3  0.2 -0.3 -0.4 -0.1 -0.2  0.1  0.1  0.3  0.2
2014 -0.1 -0.7  0.1  0.6  1.0  1.1  0.9  0.7  0.7  1.0  1.3  1.1
2015  0.5  0.3  0.3  1.1  1.7  2.0  2.5  2.7  2.9  3.0  3.3  3.2
2016  2.8  2.1  1.8  1.2  0.6  0.3  0.0  0.0  0.1 -0.1 -0.1 -0.1
2017 -0.9  0.7  0.7  0.9  1.0  0.6  0.7  0.3 -0.4 -0.2 -0.6 -0.9
2018 -0.9 -0.7 -0.6 -0.1  0.4 99.9 99.9 99.9 99.9 99.9 99.9 99.9
